sample_index,backend,mode,run_id,target_norm,prediction_norm,residual_norm
958,ardupilot,STABILIZE,20260411_103002_ardupilot_manual_random_roll_r1,0.0,0.0031955781260784846,0.0031955781260784846
959,ardupilot,STABILIZE,20260411_103002_ardupilot_manual_random_roll_r1,0.0,0.0031955781260784846,0.0031955781260784846
960,ardupilot,STABILIZE,20260411_103002_ardupilot_manual_random_roll_r1,0.0,0.0031955781260784846,0.0031955781260784846
961,ardupilot,STABILIZE,20260411_103002_ardupilot_manual_random_roll_r1,0.0,0.0031955781260784846,0.0031955781260784846
962,ardupilot,STABILIZE,20260411_103002_ardupilot_manual_random_roll_r1,0.0,0.0031955781260784846,0.0031955781260784846
963,ardupilot,STABILIZE,20260411_103002_ardupilot_manual_random_roll_r1,0.0,0.0031955781260784846,0.0031955781260784846
964,ardupilot,STABILIZE,20260411_103002_ardupilot_manual_random_roll_r1,0.0,0.0031955781260784846,0.0031955781260784846
965,ardupilot,STABILIZE,20260411_103002_ardupilot_manual_random_roll_r1,0.0,0.0031955781260784846,0.0031955781260784846
966,ardupilot,STABILIZE,20260411_103002_ardupilot_manual_random_roll_r1,0.0,0.003051937288548229,0.003051937288548229
967,ardupilot,STABILIZE,20260411_103002_ardupilot_manual_random_roll_r1,0.0,0.003051937288548229,0.003051937288548229
968,ardupilot,STABILIZE,20260411_103002_ardupilot_manual_random_roll_r1,0.0,0.0031081017922976796,0.0031081017922976796
969,ardupilot,STABILIZE,20260411_103002_ardupilot_manual_random_roll_r1,0.0,0.0032077027526101714,0.0032077027526101714
970,ardupilot,STABILIZE,20260411_103002_ardupilot_manual_random_roll_r1,0.0,0.0032077027526101714,0.0032077027526101714
971,ardupilot,STABILIZE,20260411_103002_ardupilot_manual_random_roll_r1,0.0,0.0032077027526101714,0.0032077027526101714
972,ardupilot,STABILIZE,20260411_103002_ardupilot_manual_random_roll_r1,0.0,0.0032077027526101714,0.0032077027526101714
973,ardupilot,STABILIZE,20260411_103002_ardupilot_manual_random_roll_r1,0.0,0.0032077027526101714,0.0032077027526101714
974,ardupilot,STABILIZE,20260411_103002_ardupilot_manual_random_roll_r1,0.0,0.0032077027526101714,0.0032077027526101714
975,ardupilot,STABILIZE,20260411_103002_ardupilot_manual_random_roll_r1,0.0,0.0032077027526101714,0.0032077027526101714
976,ardupilot,STABILIZE,20260411_103002_ardupilot_manual_random_roll_r1,0.0,0.0032077027526101714,0.0032077027526101714
977,ardupilot,STABILIZE,20260411_103002_ardupilot_manual_random_roll_r1,0.0,0.0033970525400072696,0.0033970525400072696
978,ardupilot,STABILIZE,20260411_103002_ardupilot_manual_random_roll_r1,0.0,0.0032534552919048906,0.0032534552919048906
979,ardupilot,STABILIZE,20260411_103002_ardupilot_manual_random_roll_r1,0.0,0.0032534552919048906,0.0032534552919048906
980,ardupilot,STABILIZE,20260411_103002_ardupilot_manual_random_roll_r1,0.0,0.003309602969800739,0.003309602969800739
981,ardupilot,STABILIZE,20260411_103002_ardupilot_manual_random_roll_r1,0.0,0.00340917137754269,0.00340917137754269
982,ardupilot,STABILIZE,20260411_103002_ardupilot_manual_random_roll_r1,0.0,0.00340917137754269,0.00340917137754269
983,ardupilot,STABILIZE,20260411_103002_ardupilot_manual_random_roll_r1,0.0,0.003404451002492893,0.003404451002492893
984,ardupilot,STABILIZE,20260411_103002_ardupilot_manual_random_roll_r1,0.0,0.003404451002492893,0.003404451002492893
985,ardupilot,STABILIZE,20260411_103002_ardupilot_manual_random_roll_r1,0.0,0.0037506778474607127,0.0037506778474607127
986,ardupilot,STABILIZE,20260411_103002_ardupilot_manual_random_roll_r1,0.0,0.0037506778474607127,0.0037506778474607127
987,ardupilot,STABILIZE,20260411_103002_ardupilot_manual_random_roll_r1,0.0,0.0037506778474607127,0.0037506778474607127
988,ardupilot,STABILIZE,20260411_103002_ardupilot_manual_random_roll_r1,0.0,0.003752294642307543,0.003752294642307543
989,ardupilot,STABILIZE,20260411_103002_ardupilot_manual_random_roll_r1,0.0,0.0035971465299339533,0.0035971465299339533
990,ardupilot,STABILIZE,20260411_103002_ardupilot_manual_random_roll_r1,0.0,0.003653308957692181,0.003653308957692181
991,ardupilot,STABILIZE,20260411_103002_ardupilot_manual_random_roll_r1,0.0,0.003752905252037184,0.003752905252037184
992,ardupilot,STABILIZE,20260411_103002_ardupilot_manual_random_roll_r1,0.0,0.003752905252037184,0.003752905252037184
993,ardupilot,STABILIZE,20260411_103002_ardupilot_manual_random_roll_r1,0.0,0.003752905252037184,0.003752905252037184
994,ardupilot,STABILIZE,20260411_103002_ardupilot_manual_random_roll_r1,0.0,0.003786165488984122,0.003786165488984122
995,ardupilot,STABILIZE,20260411_103002_ardupilot_manual_random_roll_r1,0.0,0.003786165488984122,0.003786165488984122
996,ardupilot,STABILIZE,20260411_103002_ardupilot_manual_random_roll_r1,0.0,0.003786165488984122,0.003786165488984122
997,ardupilot,STABILIZE,20260411_103002_ardupilot_manual_random_roll_r1,0.0,0.003786165488984122,0.003786165488984122
998,ardupilot,STABILIZE,20260411_103002_ardupilot_manual_random_roll_r1,0.0,0.003786165488984122,0.003786165488984122
999,ardupilot,STABILIZE,20260411_103002_ardupilot_manual_random_roll_r1,0.0,0.003786165488984122,0.003786165488984122
1000,ardupilot,STABILIZE,20260411_103002_ardupilot_manual_random_roll_r1,0.0,0.003628246646403306,0.003628246646403306
1001,ardupilot,STABILIZE,20260411_103002_ardupilot_manual_random_roll_r1,0.0,0.003628246646403306,0.003628246646403306
1002,ardupilot,STABILIZE,20260411_103002_ardupilot_manual_random_roll_r1,0.0,0.003628246646403306,0.003628246646403306
1003,ardupilot,STABILIZE,20260411_103002_ardupilot_manual_random_roll_r1,0.0,0.003628246646403306,0.003628246646403306
1004,ardupilot,STABILIZE,20260411_103002_ardupilot_manual_random_roll_r1,0.0,0.003628246646403306,0.003628246646403306
1005,ardupilot,STABILIZE,20260411_103002_ardupilot_manual_random_roll_r1,0.0,0.003628246646403306,0.003628246646403306
1006,ardupilot,STABILIZE,20260411_103002_ardupilot_manual_random_roll_r1,0.0,0.003759044442412919,0.003759044442412919
1007,ardupilot,STABILIZE,20260411_103002_ardupilot_manual_random_roll_r1,0.0,0.0036154095535034536,0.0036154095535034536
1008,ardupilot,STABILIZE,20260411_103002_ardupilot_manual_random_roll_r1,0.0,0.0036154095535034536,0.0036154095535034536
1009,ardupilot,STABILIZE,20260411_103002_ardupilot_manual_random_roll_r1,0.0,0.0036715717458796707,0.0036715717458796707
1010,ardupilot,STABILIZE,20260411_103002_ardupilot_manual_random_roll_r1,0.0,0.0037711675252561673,0.0037711675252561673
1011,ardupilot,STABILIZE,20260411_103002_ardupilot_manual_random_roll_r1,0.0,0.0036783741895476544,0.0036783741895476544
1012,ardupilot,STABILIZE,20260411_103002_ardupilot_manual_random_roll_r1,0.0,0.0036783741895476544,0.0036783741895476544
1013,ardupilot,STABILIZE,20260411_103002_ardupilot_manual_random_roll_r1,0.0,0.0036783741895476544,0.0036783741895476544
1014,ardupilot,STABILIZE,20260411_103002_ardupilot_manual_random_roll_r1,0.0,0.0036783741895476544,0.0036783741895476544
1015,ardupilot,STABILIZE,20260411_103002_ardupilot_manual_random_roll_r1,0.0,0.0036783741895476544,0.0036783741895476544
1016,ardupilot,STABILIZE,20260411_103002_ardupilot_manual_random_roll_r1,0.0,0.0036783741895476544,0.0036783741895476544
1017,ardupilot,STABILIZE,20260411_103002_ardupilot_manual_random_roll_r1,0.0,0.00364028223587732,0.00364028223587732
1018,ardupilot,STABILIZE,20260411_103002_ardupilot_manual_random_roll_r1,0.0,0.00364028223587732,0.00364028223587732
1019,ardupilot,STABILIZE,20260411_103002_ardupilot_manual_random_roll_r1,0.0,0.00364028223587732,0.00364028223587732
1020,ardupilot,STABILIZE,20260411_103002_ardupilot_manual_random_roll_r1,0.0,0.003496634410350609,0.003496634410350609
1021,ardupilot,STABILIZE,20260411_103002_ardupilot_manual_random_roll_r1,0.0,0.003496634410350609,0.003496634410350609
1022,ardupilot,STABILIZE,20260411_103002_ardupilot_manual_random_roll_r1,0.0,0.003552801375948366,0.003552801375948366
1023,ardupilot,STABILIZE,20260411_103002_ardupilot_manual_random_roll_r1,0.0,0.0037706734261742847,0.0037706734261742847
1024,ardupilot,STABILIZE,20260411_103002_ardupilot_manual_random_roll_r1,0.0,0.0037706734261742847,0.0037706734261742847
1025,ardupilot,STABILIZE,20260411_103002_ardupilot_manual_random_roll_r1,0.0,0.0037706734261742847,0.0037706734261742847
1026,ardupilot,STABILIZE,20260411_103002_ardupilot_manual_random_roll_r1,0.0,0.0037706734261742847,0.0037706734261742847
1027,ardupilot,STABILIZE,20260411_103002_ardupilot_manual_random_roll_r1,0.0,0.0037706734261742847,0.0037706734261742847
1028,ardupilot,STABILIZE,20260411_103002_ardupilot_manual_random_roll_r1,0.0,0.0037706734261742847,0.0037706734261742847
1029,ardupilot,STABILIZE,20260411_103002_ardupilot_manual_random_roll_r1,0.0,0.0037568212043696545,0.0037568212043696545
1030,ardupilot,STABILIZE,20260411_103002_ardupilot_manual_random_roll_r1,0.0,0.0037568212043696545,0.0037568212043696545
1031,ardupilot,STABILIZE,20260411_103002_ardupilot_manual_random_roll_r1,0.0,0.0037568212043696545,0.0037568212043696545
1032,ardupilot,STABILIZE,20260411_103002_ardupilot_manual_random_roll_r1,0.0,0.0037568212043696545,0.0037568212043696545
1033,ardupilot,STABILIZE,20260411_103002_ardupilot_manual_random_roll_r1,0.0,0.0037568212043696545,0.0037568212043696545
1034,ardupilot,STABILIZE,20260411_103002_ardupilot_manual_random_roll_r1,0.0,0.0036070901082818053,0.0036070901082818053
1035,ardupilot,STABILIZE,20260411_103002_ardupilot_manual_random_roll_r1,0.0,0.0036070901082818053,0.0036070901082818053
1036,ardupilot,STABILIZE,20260411_103002_ardupilot_manual_random_roll_r1,0.0,0.003463441674307824,0.003463441674307824
1037,ardupilot,STABILIZE,20260411_103002_ardupilot_manual_random_roll_r1,0.0,0.003463441674307824,0.003463441674307824
1038,ardupilot,STABILIZE,20260411_103002_ardupilot_manual_random_roll_r1,0.0,0.0035196087458795803,0.0035196087458795803
1039,ardupilot,STABILIZE,20260411_103002_ardupilot_manual_random_roll_r1,0.0,0.003619216346507415,0.003619216346507415
1040,ardupilot,STABILIZE,20260411_103002_ardupilot_manual_random_roll_r1,0.0,0.0035626654944265774,0.0035626654944265774
1041,ardupilot,STABILIZE,20260411_103002_ardupilot_manual_random_roll_r1,0.0,0.0035626654944265774,0.0035626654944265774
1042,ardupilot,STABILIZE,20260411_103002_ardupilot_manual_random_roll_r1,0.0,0.0035626654944265774,0.0035626654944265774
1043,ardupilot,STABILIZE,20260411_103002_ardupilot_manual_random_roll_r1,0.0,0.0035626654944265774,0.0035626654944265774
1044,ardupilot,STABILIZE,20260411_103002_ardupilot_manual_random_roll_r1,0.0,0.0035626654944265774,0.0035626654944265774
1045,ardupilot,STABILIZE,20260411_103002_ardupilot_manual_random_roll_r1,0.0,0.0035626654944265774,0.0035626654944265774
1046,ardupilot,STABILIZE,20260411_103002_ardupilot_manual_random_roll_r1,0.0,0.003662604526871499,0.003662604526871499
1047,ardupilot,STABILIZE,20260411_103002_ardupilot_manual_random_roll_r1,0.0,0.003662604526871499,0.003662604526871499
1048,ardupilot,STABILIZE,20260411_103002_ardupilot_manual_random_roll_r1,0.0,0.003662604526871499,0.003662604526871499
1049,ardupilot,STABILIZE,20260411_103002_ardupilot_manual_random_roll_r1,0.0,0.003662604526871499,0.003662604526871499
1050,ardupilot,STABILIZE,20260411_103002_ardupilot_manual_random_roll_r1,0.0,0.003662604526871499,0.003662604526871499
1051,ardupilot,STABILIZE,20260411_103002_ardupilot_manual_random_roll_r1,0.0,0.003662604526871499,0.003662604526871499
1052,ardupilot,STABILIZE,20260411_103002_ardupilot_manual_random_roll_r1,0.0,0.003878918333285199,0.003878918333285199
1053,ardupilot,STABILIZE,20260411_103002_ardupilot_manual_random_roll_r1,0.0,0.003878918333285199,0.003878918333285199
1054,ardupilot,STABILIZE,20260411_103002_ardupilot_manual_random_roll_r1,0.0,0.003878918333285199,0.003878918333285199
1055,ardupilot,STABILIZE,20260411_103002_ardupilot_manual_random_roll_r1,0.0,0.003878918333285199,0.003878918333285199
1056,ardupilot,STABILIZE,20260411_103002_ardupilot_manual_random_roll_r1,0.0,0.003878918333285199,0.003878918333285199
1057,ardupilot,STABILIZE,20260411_103002_ardupilot_manual_random_roll_r1,0.0,0.0036235814198465185,0.0036235814198465185
1058,ardupilot,STABILIZE,20260411_103002_ardupilot_manual_random_roll_r1,0.0,0.0036235814198465185,0.0036235814198465185
1059,ardupilot,STABILIZE,20260411_103002_ardupilot_manual_random_roll_r1,0.0,0.0036235814198465185,0.0036235814198465185
1060,ardupilot,STABILIZE,20260411_103002_ardupilot_manual_random_roll_r1,0.0,0.0036235814198465185,0.0036235814198465185
1061,ardupilot,STABILIZE,20260411_103002_ardupilot_manual_random_roll_r1,0.0,0.0036235814198465185,0.0036235814198465185
1062,ardupilot,STABILIZE,20260411_103002_ardupilot_manual_random_roll_r1,0.0,0.0036235814198465185,0.0036235814198465185
1063,ardupilot,STABILIZE,20260411_103002_ardupilot_manual_random_roll_r1,0.0,0.003835311699754355,0.003835311699754355
1064,ardupilot,STABILIZE,20260411_103002_ardupilot_manual_random_roll_r1,0.0,0.003835311699754355,0.003835311699754355
1065,ardupilot,STABILIZE,20260411_103002_ardupilot_manual_random_roll_r1,0.0,0.003835311699754355,0.003835311699754355
1066,ardupilot,STABILIZE,20260411_103002_ardupilot_manual_random_roll_r1,0.0,0.003835311699754355,0.003835311699754355
1067,ardupilot,STABILIZE,20260411_103002_ardupilot_manual_random_roll_r1,0.0,0.003835311699754355,0.003835311699754355
1068,ardupilot,STABILIZE,20260411_103002_ardupilot_manual_random_roll_r1,0.0,0.003835311699754355,0.003835311699754355
1069,ardupilot,STABILIZE,20260411_103002_ardupilot_manual_random_roll_r1,0.0,0.003716844595500509,0.003716844595500509
1070,ardupilot,STABILIZE,20260411_103002_ardupilot_manual_random_roll_r1,0.0,0.003716844595500509,0.003716844595500509
1071,ardupilot,STABILIZE,20260411_103002_ardupilot_manual_random_roll_r1,0.0,0.003716844595500509,0.003716844595500509
1072,ardupilot,STABILIZE,20260411_103002_ardupilot_manual_random_roll_r1,0.0,0.003716844595500509,0.003716844595500509
1073,ardupilot,STABILIZE,20260411_103002_ardupilot_manual_random_roll_r1,0.0,0.003716844595500509,0.003716844595500509
1074,ardupilot,STABILIZE,20260411_103002_ardupilot_manual_random_roll_r1,0.0,0.003934331354811947,0.003934331354811947
1075,ardupilot,STABILIZE,20260411_103002_ardupilot_manual_random_roll_r1,0.0,0.003934331354811947,0.003934331354811947
1076,ardupilot,STABILIZE,20260411_103002_ardupilot_manual_random_roll_r1,0.0,0.003934331354811947,0.003934331354811947
1077,ardupilot,STABILIZE,20260411_103002_ardupilot_manual_random_roll_r1,0.0,0.003934331354811947,0.003934331354811947
1078,ardupilot,STABILIZE,20260411_103002_ardupilot_manual_random_roll_r1,0.0,0.003934331354811947,0.003934331354811947
1079,ardupilot,STABILIZE,20260411_103002_ardupilot_manual_random_roll_r1,0.0,0.003934331354811947,0.003934331354811947
1080,ardupilot,STABILIZE,20260411_103002_ardupilot_manual_random_roll_r1,0.0,0.0035826064065616167,0.0035826064065616167
1081,ardupilot,STABILIZE,20260411_103002_ardupilot_manual_random_roll_r1,0.0,0.0035826064065616167,0.0035826064065616167
1082,ardupilot,STABILIZE,20260411_103002_ardupilot_manual_random_roll_r1,0.0,0.0035826064065616167,0.0035826064065616167
1083,ardupilot,STABILIZE,20260411_103002_ardupilot_manual_random_roll_r1,0.0,0.0035826064065616167,0.0035826064065616167
1084,ardupilot,STABILIZE,20260411_103002_ardupilot_manual_random_roll_r1,0.0,0.0035826064065616167,0.0035826064065616167
1085,ardupilot,STABILIZE,20260411_103002_ardupilot_manual_random_roll_r1,0.0,0.0035826064065616167,0.0035826064065616167
1086,ardupilot,STABILIZE,20260411_103002_ardupilot_manual_random_roll_r1,0.0,0.003796211193687705,0.003796211193687705
1087,ardupilot,STABILIZE,20260411_103002_ardupilot_manual_random_roll_r1,0.0,0.003796211193687705,0.003796211193687705
1088,ardupilot,STABILIZE,20260411_103002_ardupilot_manual_random_roll_r1,0.0,0.003796211193687705,0.003796211193687705
1089,ardupilot,STABILIZE,20260411_103002_ardupilot_manual_random_roll_r1,0.0,0.003796211193687705,0.003796211193687705
1090,ardupilot,STABILIZE,20260411_103002_ardupilot_manual_random_roll_r1,0.0,0.003796211193687705,0.003796211193687705
1091,ardupilot,STABILIZE,20260411_103002_ardupilot_manual_random_roll_r1,0.0,0.0037597592707239204,0.0037597592707239204
1092,ardupilot,STABILIZE,20260411_103002_ardupilot_manual_random_roll_r1,0.0,0.0037597592707239204,0.0037597592707239204
1093,ardupilot,STABILIZE,20260411_103002_ardupilot_manual_random_roll_r1,0.0,0.0037597592707239204,0.0037597592707239204
1094,ardupilot,STABILIZE,20260411_103002_ardupilot_manual_random_roll_r1,0.0,0.0037597592707239204,0.0037597592707239204
1095,ardupilot,STABILIZE,20260411_103002_ardupilot_manual_random_roll_r1,0.0,0.0037597592707239204,0.0037597592707239204
1096,ardupilot,STABILIZE,20260411_103002_ardupilot_manual_random_roll_r1,0.0,0.0037597592707239204,0.0037597592707239204
1097,ardupilot,STABILIZE,20260411_103002_ardupilot_manual_random_roll_r1,0.0,0.0037597592707239204,0.0037597592707239204
1098,ardupilot,STABILIZE,20260411_103002_ardupilot_manual_random_roll_r1,0.0,0.0037597592707239204,0.0037597592707239204
1099,ardupilot,STABILIZE,20260411_103002_ardupilot_manual_random_roll_r1,0.0,0.0037597592707239204,0.0037597592707239204
1100,ardupilot,STABILIZE,20260411_103002_ardupilot_manual_random_roll_r1,0.0,0.0037597592707239204,0.0037597592707239204
1101,ardupilot,STABILIZE,20260411_103002_ardupilot_manual_random_roll_r1,0.0,0.0037597592707239204,0.0037597592707239204
1102,ardupilot,STABILIZE,20260411_103002_ardupilot_manual_random_roll_r1,0.0,0.0037597592707239204,0.0037597592707239204
1103,ardupilot,STABILIZE,20260411_103002_ardupilot_manual_random_roll_r1,0.0,0.0037597592707239204,0.0037597592707239204
1104,ardupilot,STABILIZE,20260411_103002_ardupilot_manual_random_roll_r1,0.0,0.0037597592707239204,0.0037597592707239204
1105,ardupilot,STABILIZE,20260411_103002_ardupilot_manual_random_roll_r1,0.0,0.0037597592707239204,0.0037597592707239204
1106,ardupilot,STABILIZE,20260411_103002_ardupilot_manual_random_roll_r1,0.0,0.0037597592707239204,0.0037597592707239204
1107,ardupilot,STABILIZE,20260411_103002_ardupilot_manual_random_roll_r1,0.0,0.0037597592707239204,0.0037597592707239204
1108,ardupilot,STABILIZE,20260411_103002_ardupilot_manual_random_roll_r1,0.0,0.0037597592707239204,0.0037597592707239204
1109,ardupilot,STABILIZE,20260411_103002_ardupilot_manual_random_roll_r1,0.0,0.0037597592707239204,0.0037597592707239204
1110,ardupilot,STABILIZE,20260411_103002_ardupilot_manual_random_roll_r1,0.0,0.0037597592707239204,0.0037597592707239204
1111,ardupilot,STABILIZE,20260411_103002_ardupilot_manual_random_roll_r1,0.0,0.0037597592707239204,0.0037597592707239204
1112,ardupilot,STABILIZE,20260411_103002_ardupilot_manual_random_roll_r1,0.0,0.0037597592707239204,0.0037597592707239204
1113,ardupilot,STABILIZE,20260411_103002_ardupilot_manual_random_roll_r1,0.0,0.0037597592707239204,0.0037597592707239204
1114,ardupilot,STABILIZE,20260411_103002_ardupilot_manual_random_roll_r1,0.0,0.0037597592707239204,0.0037597592707239204
1115,ardupilot,STABILIZE,20260411_103002_ardupilot_manual_random_roll_r1,0.0,0.0037597592707239204,0.0037597592707239204
1116,ardupilot,STABILIZE,20260411_103002_ardupilot_manual_random_roll_r1,0.0,0.0037597592707239204,0.0037597592707239204
1117,ardupilot,STABILIZE,20260411_103002_ardupilot_manual_random_roll_r1,0.0,0.0037597592707239204,0.0037597592707239204
1118,ardupilot,STABILIZE,20260411_103002_ardupilot_manual_random_roll_r1,0.0,0.0037597592707239204,0.0037597592707239204
1119,ardupilot,STABILIZE,20260411_103002_ardupilot_manual_random_roll_r1,0.0,0.0037597592707239204,0.0037597592707239204
1120,ardupilot,STABILIZE,20260411_103002_ardupilot_manual_random_roll_r1,0.0,0.0037597592707239204,0.0037597592707239204
1121,ardupilot,STABILIZE,20260411_103002_ardupilot_manual_random_roll_r1,0.0,0.0037597592707239204,0.0037597592707239204
1122,ardupilot,STABILIZE,20260411_103002_ardupilot_manual_random_roll_r1,0.0,0.0037597592707239204,0.0037597592707239204
1123,ardupilot,STABILIZE,20260411_103002_ardupilot_manual_random_roll_r1,0.0,0.0037597592707239204,0.0037597592707239204
1124,ardupilot,STABILIZE,20260411_103002_ardupilot_manual_random_roll_r1,0.0,0.0037597592707239204,0.0037597592707239204
1125,ardupilot,STABILIZE,20260411_103002_ardupilot_manual_random_roll_r1,0.0,0.0037597592707239204,0.0037597592707239204
1126,ardupilot,STABILIZE,20260411_103002_ardupilot_manual_random_roll_r1,0.0,0.0037597592707239204,0.0037597592707239204
1127,ardupilot,STABILIZE,20260411_103002_ardupilot_manual_random_roll_r1,0.0,0.0037597592707239204,0.0037597592707239204
1128,ardupilot,STABILIZE,20260411_103002_ardupilot_manual_random_roll_r1,0.0,0.0037597592707239204,0.0037597592707239204
1129,ardupilot,STABILIZE,20260411_103002_ardupilot_manual_random_roll_r1,0.0,0.0039034010290904023,0.0039034010290904023
1130,ardupilot,STABILIZE,20260411_103002_ardupilot_manual_random_roll_r1,0.0,0.0039034010290904023,0.0039034010290904023
1131,ardupilot,STABILIZE,20260411_103002_ardupilot_manual_random_roll_r1,0.0,0.0038472358472708412,0.0038472358472708412
1132,ardupilot,STABILIZE,20260411_103002_ardupilot_manual_random_roll_r1,0.0,0.0037476352857198367,0.0037476352857198367
1133,ardupilot,STABILIZE,20260411_103002_ardupilot_manual_random_roll_r1,0.0,0.0037476352857198367,0.0037476352857198367
1134,ardupilot,STABILIZE,20260411_103002_ardupilot_manual_random_roll_r1,0.0,0.0037476352857198367,0.0037476352857198367
1135,ardupilot,STABILIZE,20260411_103002_ardupilot_manual_random_roll_r1,0.0,0.0037476352857198367,0.0037476352857198367
1136,ardupilot,STABILIZE,20260411_103002_ardupilot_manual_random_roll_r1,0.0,0.0037476352857198367,0.0037476352857198367
1137,ardupilot,STABILIZE,20260411_103002_ardupilot_manual_random_roll_r1,0.0,0.0037476352857198367,0.0037476352857198367
1138,ardupilot,STABILIZE,20260411_103002_ardupilot_manual_random_roll_r1,0.0,0.0037476352857198367,0.0037476352857198367
1139,ardupilot,STABILIZE,20260411_103002_ardupilot_manual_random_roll_r1,0.0,0.0037476352857198367,0.0037476352857198367
1140,ardupilot,STABILIZE,20260411_103002_ardupilot_manual_random_roll_r1,0.0,0.0037476352857198367,0.0037476352857198367
1141,ardupilot,STABILIZE,20260411_103002_ardupilot_manual_random_roll_r1,0.0,0.0037476352857198367,0.0037476352857198367
1142,ardupilot,STABILIZE,20260411_103002_ardupilot_manual_random_roll_r1,0.0,0.0037476352857198367,0.0037476352857198367
1143,ardupilot,STABILIZE,20260411_103002_ardupilot_manual_random_roll_r1,0.0,0.0037476352857198367,0.0037476352857198367
1144,ardupilot,STABILIZE,20260411_103002_ardupilot_manual_random_roll_r1,0.0,0.0037476352857198367,0.0037476352857198367
2872,ardupilot,STABILIZE,20260411_103543_ardupilot_manual_random_yaw_r1,0.0,0.002326705261249014,0.002326705261249014
2873,ardupilot,STABILIZE,20260411_103543_ardupilot_manual_random_yaw_r1,0.0,0.002326705261249014,0.002326705261249014
2874,ardupilot,STABILIZE,20260411_103543_ardupilot_manual_random_yaw_r1,0.0,0.002326705261249014,0.002326705261249014
2875,ardupilot,STABILIZE,20260411_103543_ardupilot_manual_random_yaw_r1,0.0,0.002326705261249014,0.002326705261249014
2876,ardupilot,STABILIZE,20260411_103543_ardupilot_manual_random_yaw_r1,0.0,0.002326705261249014,0.002326705261249014
2877,ardupilot,STABILIZE,20260411_103543_ardupilot_manual_random_yaw_r1,0.0,0.002326705261249014,0.002326705261249014
2878,ardupilot,STABILIZE,20260411_103543_ardupilot_manual_random_yaw_r1,0.0,0.002326705261249014,0.002326705261249014
2879,ardupilot,STABILIZE,20260411_103543_ardupilot_manual_random_yaw_r1,0.0,0.002326705261249014,0.002326705261249014
2880,ardupilot,STABILIZE,20260411_103543_ardupilot_manual_random_yaw_r1,0.0,0.002183059621664942,0.002183059621664942
2881,ardupilot,STABILIZE,20260411_103543_ardupilot_manual_random_yaw_r1,0.0,0.002183059621664942,0.002183059621664942
2882,ardupilot,STABILIZE,20260411_103543_ardupilot_manual_random_yaw_r1,0.0,0.0022392281592051354,0.0022392281592051354
2883,ardupilot,STABILIZE,20260411_103543_ardupilot_manual_random_yaw_r1,0.0,0.0023388360841788062,0.0023388360841788062
2884,ardupilot,STABILIZE,20260411_103543_ardupilot_manual_random_yaw_r1,0.0,0.0023388360841788062,0.0023388360841788062
2885,ardupilot,STABILIZE,20260411_103543_ardupilot_manual_random_yaw_r1,0.0,0.0023388360841788062,0.0023388360841788062
2886,ardupilot,STABILIZE,20260411_103543_ardupilot_manual_random_yaw_r1,0.0,0.0023388360841788062,0.0023388360841788062
2887,ardupilot,STABILIZE,20260411_103543_ardupilot_manual_random_yaw_r1,0.0,0.0023388360841788062,0.0023388360841788062
2888,ardupilot,STABILIZE,20260411_103543_ardupilot_manual_random_yaw_r1,0.0,0.0023388360841788062,0.0023388360841788062
2889,ardupilot,STABILIZE,20260411_103543_ardupilot_manual_random_yaw_r1,0.0,0.0023388360841788062,0.0023388360841788062
2890,ardupilot,STABILIZE,20260411_103543_ardupilot_manual_random_yaw_r1,0.0,0.0023388360841788062,0.0023388360841788062
2891,ardupilot,STABILIZE,20260411_103543_ardupilot_manual_random_yaw_r1,0.0,0.0023388360841788062,0.0023388360841788062
2892,ardupilot,STABILIZE,20260411_103543_ardupilot_manual_random_yaw_r1,0.0,0.0015441273942821078,0.0015441273942821078
2893,ardupilot,STABILIZE,20260411_103543_ardupilot_manual_random_yaw_r1,0.0,0.0015441273942821078,0.0015441273942821078
2894,ardupilot,STABILIZE,20260411_103543_ardupilot_manual_random_yaw_r1,0.0,0.001600278830526042,0.001600278830526042
2895,ardupilot,STABILIZE,20260411_103543_ardupilot_manual_random_yaw_r1,0.0,0.0016998616266285054,0.0016998616266285054
2896,ardupilot,STABILIZE,20260411_103543_ardupilot_manual_random_yaw_r1,0.0,0.0016998616266285054,0.0016998616266285054
2897,ardupilot,STABILIZE,20260411_103543_ardupilot_manual_random_yaw_r1,0.0,0.0014752959344378404,0.0014752959344378404
2898,ardupilot,STABILIZE,20260411_103543_ardupilot_manual_random_yaw_r1,0.0,0.0014752959344378404,0.0014752959344378404
2899,ardupilot,STABILIZE,20260411_103543_ardupilot_manual_random_yaw_r1,0.0,0.0018214559586572062,0.0018214559586572062
2900,ardupilot,STABILIZE,20260411_103543_ardupilot_manual_random_yaw_r1,0.0,0.0018214559586572062,0.0018214559586572062
2901,ardupilot,STABILIZE,20260411_103543_ardupilot_manual_random_yaw_r1,0.0,0.0018214559586572062,0.0018214559586572062
2902,ardupilot,STABILIZE,20260411_103543_ardupilot_manual_random_yaw_r1,0.0,0.00196662617651304,0.00196662617651304
2903,ardupilot,STABILIZE,20260411_103543_ardupilot_manual_random_yaw_r1,0.0,0.002246540304809993,0.002246540304809993
2904,ardupilot,STABILIZE,20260411_103543_ardupilot_manual_random_yaw_r1,0.0,0.002246540304809993,0.002246540304809993
2905,ardupilot,STABILIZE,20260411_103543_ardupilot_manual_random_yaw_r1,0.0,0.0023027059069810596,0.0023027059069810596
2906,ardupilot,STABILIZE,20260411_103543_ardupilot_manual_random_yaw_r1,0.0,0.0024023093189887096,0.0024023093189887096
2907,ardupilot,STABILIZE,20260411_103543_ardupilot_manual_random_yaw_r1,0.0,0.0024023093189887096,0.0024023093189887096
2908,ardupilot,STABILIZE,20260411_103543_ardupilot_manual_random_yaw_r1,0.0,0.0024023093189887096,0.0024023093189887096
2909,ardupilot,STABILIZE,20260411_103543_ardupilot_manual_random_yaw_r1,0.0,0.00251176448911612,0.00251176448911612
2910,ardupilot,STABILIZE,20260411_103543_ardupilot_manual_random_yaw_r1,0.0,0.00251176448911612,0.00251176448911612
2911,ardupilot,STABILIZE,20260411_103543_ardupilot_manual_random_yaw_r1,0.0,0.00251176448911612,0.00251176448911612
2912,ardupilot,STABILIZE,20260411_103543_ardupilot_manual_random_yaw_r1,0.0,0.00251176448911612,0.00251176448911612
2913,ardupilot,STABILIZE,20260411_103543_ardupilot_manual_random_yaw_r1,0.0,0.00251176448911612,0.00251176448911612
2914,ardupilot,STABILIZE,20260411_103543_ardupilot_manual_random_yaw_r1,0.0,0.00251176448911612,0.00251176448911612
2915,ardupilot,STABILIZE,20260411_103543_ardupilot_manual_random_yaw_r1,0.0,0.002100552178079949,0.002100552178079949
2916,ardupilot,STABILIZE,20260411_103543_ardupilot_manual_random_yaw_r1,0.0,0.002100552178079949,0.002100552178079949
2917,ardupilot,STABILIZE,20260411_103543_ardupilot_manual_random_yaw_r1,0.0,0.002100552178079949,0.002100552178079949
2918,ardupilot,STABILIZE,20260411_103543_ardupilot_manual_random_yaw_r1,0.0,0.002100552178079949,0.002100552178079949
2919,ardupilot,STABILIZE,20260411_103543_ardupilot_manual_random_yaw_r1,0.0,0.002100552178079949,0.002100552178079949
2920,ardupilot,STABILIZE,20260411_103543_ardupilot_manual_random_yaw_r1,0.0,0.0032235652893369948,0.0032235652893369948
2921,ardupilot,STABILIZE,20260411_103543_ardupilot_manual_random_yaw_r1,0.0,0.0032235652893369948,0.0032235652893369948
2922,ardupilot,STABILIZE,20260411_103543_ardupilot_manual_random_yaw_r1,0.0,0.0030799231699127063,0.0030799231699127063
2923,ardupilot,STABILIZE,20260411_103543_ardupilot_manual_random_yaw_r1,0.0,0.0030799231699127063,0.0030799231699127063
2924,ardupilot,STABILIZE,20260411_103543_ardupilot_manual_random_yaw_r1,0.0,0.0031360910640463903,0.0031360910640463903
2925,ardupilot,STABILIZE,20260411_103543_ardupilot_manual_random_yaw_r1,0.0,0.0032356965661862014,0.0032356965661862014
2926,ardupilot,STABILIZE,20260411_103543_ardupilot_manual_random_yaw_r1,0.0,0.0038192825566401674,0.0038192825566401674
2927,ardupilot,STABILIZE,20260411_103543_ardupilot_manual_random_yaw_r1,0.0,0.0038192825566401674,0.0038192825566401674
2928,ardupilot,STABILIZE,20260411_103543_ardupilot_manual_random_yaw_r1,0.0,0.0038192825566401674,0.0038192825566401674
2929,ardupilot,STABILIZE,20260411_103543_ardupilot_manual_random_yaw_r1,0.0,0.0038192825566401674,0.0038192825566401674
2930,ardupilot,STABILIZE,20260411_103543_ardupilot_manual_random_yaw_r1,0.0,0.0038192825566401674,0.0038192825566401674
2931,ardupilot,STABILIZE,20260411_103543_ardupilot_manual_random_yaw_r1,0.0,0.0038192825566401674,0.0038192825566401674
2932,ardupilot,STABILIZE,20260411_103543_ardupilot_manual_random_yaw_r1,0.0,0.0028371564814451493,0.0028371564814451493
2933,ardupilot,STABILIZE,20260411_103543_ardupilot_manual_random_yaw_r1,0.0,0.0028371564814451493,0.0028371564814451493
2934,ardupilot,STABILIZE,20260411_103543_ardupilot_manual_random_yaw_r1,0.0,0.0026935018165615307,0.0026935018165615307
2935,ardupilot,STABILIZE,20260411_103543_ardupilot_manual_random_yaw_r1,0.0,0.0026935018165615307,0.0026935018165615307
2936,ardupilot,STABILIZE,20260411_103543_ardupilot_manual_random_yaw_r1,0.0,0.0027496734262665865,0.0027496734262665865
2937,ardupilot,STABILIZE,20260411_103543_ardupilot_manual_random_yaw_r1,0.0,0.0028492858663001492,0.0028492858663001492
2938,ardupilot,STABILIZE,20260411_103543_ardupilot_manual_random_yaw_r1,0.0,0.0031609721695912774,0.0031609721695912774
2939,ardupilot,STABILIZE,20260411_103543_ardupilot_manual_random_yaw_r1,0.0,0.0031609721695912774,0.0031609721695912774
2940,ardupilot,STABILIZE,20260411_103543_ardupilot_manual_random_yaw_r1,0.0,0.0031609721695912774,0.0031609721695912774
2941,ardupilot,STABILIZE,20260411_103543_ardupilot_manual_random_yaw_r1,0.0,0.0031609721695912774,0.0031609721695912774
2942,ardupilot,STABILIZE,20260411_103543_ardupilot_manual_random_yaw_r1,0.0,0.0031609721695912774,0.0031609721695912774
2943,ardupilot,STABILIZE,20260411_103543_ardupilot_manual_random_yaw_r1,0.0,0.0029691064034587876,0.0029691064034587876
2944,ardupilot,STABILIZE,20260411_103543_ardupilot_manual_random_yaw_r1,0.0,0.0029691064034587876,0.0029691064034587876
2945,ardupilot,STABILIZE,20260411_103543_ardupilot_manual_random_yaw_r1,0.0,0.0029691064034587876,0.0029691064034587876
2946,ardupilot,STABILIZE,20260411_103543_ardupilot_manual_random_yaw_r1,0.0,0.0029691064034587876,0.0029691064034587876
2947,ardupilot,STABILIZE,20260411_103543_ardupilot_manual_random_yaw_r1,0.0,0.0029691064034587876,0.0029691064034587876
2948,ardupilot,STABILIZE,20260411_103543_ardupilot_manual_random_yaw_r1,0.0,0.0029691064034587876,0.0029691064034587876
2949,ardupilot,STABILIZE,20260411_103543_ardupilot_manual_random_yaw_r1,0.0,0.0032645352315226524,0.0032645352315226524
2950,ardupilot,STABILIZE,20260411_103543_ardupilot_manual_random_yaw_r1,0.0,0.00312089403684046,0.00312089403684046
2951,ardupilot,STABILIZE,20260411_103543_ardupilot_manual_random_yaw_r1,0.0,0.00312089403684046,0.00312089403684046
2952,ardupilot,STABILIZE,20260411_103543_ardupilot_manual_random_yaw_r1,0.0,0.0031770616146553896,0.0031770616146553896
2953,ardupilot,STABILIZE,20260411_103543_ardupilot_manual_random_yaw_r1,0.0,0.003276666568059768,0.003276666568059768
2954,ardupilot,STABILIZE,20260411_103543_ardupilot_manual_random_yaw_r1,0.0,0.003276666568059768,0.003276666568059768
2955,ardupilot,STABILIZE,20260411_103543_ardupilot_manual_random_yaw_r1,0.0,0.0020082647162509696,0.0020082647162509696
2956,ardupilot,STABILIZE,20260411_103543_ardupilot_manual_random_yaw_r1,0.0,0.0020082647162509696,0.0020082647162509696
2957,ardupilot,STABILIZE,20260411_103543_ardupilot_manual_random_yaw_r1,0.0,0.0020082647162509696,0.0020082647162509696
2958,ardupilot,STABILIZE,20260411_103543_ardupilot_manual_random_yaw_r1,0.0,0.0020082647162509696,0.0020082647162509696
2959,ardupilot,STABILIZE,20260411_103543_ardupilot_manual_random_yaw_r1,0.0,0.0020082647162509696,0.0020082647162509696
2960,ardupilot,STABILIZE,20260411_103543_ardupilot_manual_random_yaw_r1,0.0,0.0020082647162509696,0.0020082647162509696
2961,ardupilot,STABILIZE,20260411_103543_ardupilot_manual_random_yaw_r1,0.0,0.0034675386771804632,0.0034675386771804632
2962,ardupilot,STABILIZE,20260411_103543_ardupilot_manual_random_yaw_r1,0.0,0.0034675386771804632,0.0034675386771804632
2963,ardupilot,STABILIZE,20260411_103543_ardupilot_manual_random_yaw_r1,0.0,0.0034675386771804632,0.0034675386771804632
2964,ardupilot,STABILIZE,20260411_103543_ardupilot_manual_random_yaw_r1,0.0,0.0034675386771804632,0.0034675386771804632
2965,ardupilot,STABILIZE,20260411_103543_ardupilot_manual_random_yaw_r1,0.0,0.0034675386771804632,0.0034675386771804632
2966,ardupilot,STABILIZE,20260411_103543_ardupilot_manual_random_yaw_r1,0.0,0.0034988722857429728,0.0034988722857429728
2967,ardupilot,STABILIZE,20260411_103543_ardupilot_manual_random_yaw_r1,0.0,0.0034988722857429728,0.0034988722857429728
2968,ardupilot,STABILIZE,20260411_103543_ardupilot_manual_random_yaw_r1,0.0,0.0034988722857429728,0.0034988722857429728
2969,ardupilot,STABILIZE,20260411_103543_ardupilot_manual_random_yaw_r1,0.0,0.0034988722857429728,0.0034988722857429728
2970,ardupilot,STABILIZE,20260411_103543_ardupilot_manual_random_yaw_r1,0.0,0.0034988722857429728,0.0034988722857429728
2971,ardupilot,STABILIZE,20260411_103543_ardupilot_manual_random_yaw_r1,0.0,0.0034988722857429728,0.0034988722857429728
2972,ardupilot,STABILIZE,20260411_103543_ardupilot_manual_random_yaw_r1,0.0,0.002353471861304624,0.002353471861304624
2973,ardupilot,STABILIZE,20260411_103543_ardupilot_manual_random_yaw_r1,0.0,0.002353471861304624,0.002353471861304624
2974,ardupilot,STABILIZE,20260411_103543_ardupilot_manual_random_yaw_r1,0.0,0.002353471861304624,0.002353471861304624
2975,ardupilot,STABILIZE,20260411_103543_ardupilot_manual_random_yaw_r1,0.0,0.002353471861304624,0.002353471861304624
2976,ardupilot,STABILIZE,20260411_103543_ardupilot_manual_random_yaw_r1,0.0,0.002353471861304624,0.002353471861304624
2977,ardupilot,STABILIZE,20260411_103543_ardupilot_manual_random_yaw_r1,0.0,0.002353471861304624,0.002353471861304624
2978,ardupilot,STABILIZE,20260411_103543_ardupilot_manual_random_yaw_r1,0.0,0.002733046912040699,0.002733046912040699
2979,ardupilot,STABILIZE,20260411_103543_ardupilot_manual_random_yaw_r1,0.0,0.002733046912040699,0.002733046912040699
2980,ardupilot,STABILIZE,20260411_103543_ardupilot_manual_random_yaw_r1,0.0,0.002733046912040699,0.002733046912040699
2981,ardupilot,STABILIZE,20260411_103543_ardupilot_manual_random_yaw_r1,0.0,0.002733046912040699,0.002733046912040699
2982,ardupilot,STABILIZE,20260411_103543_ardupilot_manual_random_yaw_r1,0.0,0.002733046912040699,0.002733046912040699
2983,ardupilot,STABILIZE,20260411_103543_ardupilot_manual_random_yaw_r1,0.0,0.002241709335007675,0.002241709335007675
2984,ardupilot,STABILIZE,20260411_103543_ardupilot_manual_random_yaw_r1,0.0,0.002241709335007675,0.002241709335007675
2985,ardupilot,STABILIZE,20260411_103543_ardupilot_manual_random_yaw_r1,0.0,0.002241709335007675,0.002241709335007675
2986,ardupilot,STABILIZE,20260411_103543_ardupilot_manual_random_yaw_r1,0.0,0.002241709335007675,0.002241709335007675
2987,ardupilot,STABILIZE,20260411_103543_ardupilot_manual_random_yaw_r1,0.0,0.002241709335007675,0.002241709335007675
2988,ardupilot,STABILIZE,20260411_103543_ardupilot_manual_random_yaw_r1,0.0,0.002241709335007675,0.002241709335007675
2989,ardupilot,STABILIZE,20260411_103543_ardupilot_manual_random_yaw_r1,0.0,0.0026081221836301827,0.0026081221836301827
2990,ardupilot,STABILIZE,20260411_103543_ardupilot_manual_random_yaw_r1,0.0,0.0026081221836301827,0.0026081221836301827
2991,ardupilot,STABILIZE,20260411_103543_ardupilot_manual_random_yaw_r1,0.0,0.0026081221836301827,0.0026081221836301827
2992,ardupilot,STABILIZE,20260411_103543_ardupilot_manual_random_yaw_r1,0.0,0.0026081221836301827,0.0026081221836301827
2993,ardupilot,STABILIZE,20260411_103543_ardupilot_manual_random_yaw_r1,0.0,0.0026081221836301827,0.0026081221836301827
2994,ardupilot,STABILIZE,20260411_103543_ardupilot_manual_random_yaw_r1,0.0,0.0026081221836301827,0.0026081221836301827
2995,ardupilot,STABILIZE,20260411_103543_ardupilot_manual_random_yaw_r1,0.0,0.0031774914543027883,0.0031774914543027883
2996,ardupilot,STABILIZE,20260411_103543_ardupilot_manual_random_yaw_r1,0.0,0.0031774914543027883,0.0031774914543027883
2997,ardupilot,STABILIZE,20260411_103543_ardupilot_manual_random_yaw_r1,0.0,0.0031774914543027883,0.0031774914543027883
2998,ardupilot,STABILIZE,20260411_103543_ardupilot_manual_random_yaw_r1,0.0,0.0031774914543027883,0.0031774914543027883
2999,ardupilot,STABILIZE,20260411_103543_ardupilot_manual_random_yaw_r1,0.0,0.0031774914543027883,0.0031774914543027883
3000,ardupilot,STABILIZE,20260411_103543_ardupilot_manual_random_yaw_r1,0.0,0.0031774914543027883,0.0031774914543027883
3001,ardupilot,STABILIZE,20260411_103543_ardupilot_manual_random_yaw_r1,0.0,0.002726089935854532,0.002726089935854532
3002,ardupilot,STABILIZE,20260411_103543_ardupilot_manual_random_yaw_r1,0.0,0.002726089935854532,0.002726089935854532
3003,ardupilot,STABILIZE,20260411_103543_ardupilot_manual_random_yaw_r1,0.0,0.002726089935854532,0.002726089935854532
3004,ardupilot,STABILIZE,20260411_103543_ardupilot_manual_random_yaw_r1,0.0,0.002726089935854532,0.002726089935854532
3005,ardupilot,STABILIZE,20260411_103543_ardupilot_manual_random_yaw_r1,0.0,0.002726089935854532,0.002726089935854532
3006,ardupilot,STABILIZE,20260411_103543_ardupilot_manual_random_yaw_r1,0.0,0.0028906995226765414,0.0028906995226765414
3007,ardupilot,STABILIZE,20260411_103543_ardupilot_manual_random_yaw_r1,0.0,0.0028906995226765414,0.0028906995226765414
3008,ardupilot,STABILIZE,20260411_103543_ardupilot_manual_random_yaw_r1,0.0,0.0028906995226765414,0.0028906995226765414
3009,ardupilot,STABILIZE,20260411_103543_ardupilot_manual_random_yaw_r1,0.0,0.0028906995226765414,0.0028906995226765414
3010,ardupilot,STABILIZE,20260411_103543_ardupilot_manual_random_yaw_r1,0.0,0.0028906995226765414,0.0028906995226765414
3011,ardupilot,STABILIZE,20260411_103543_ardupilot_manual_random_yaw_r1,0.0,0.0028906995226765414,0.0028906995226765414
3012,ardupilot,STABILIZE,20260411_103543_ardupilot_manual_random_yaw_r1,0.0,0.0028906995226765414,0.0028906995226765414
3013,ardupilot,STABILIZE,20260411_103543_ardupilot_manual_random_yaw_r1,0.0,0.0028906995226765414,0.0028906995226765414
3014,ardupilot,STABILIZE,20260411_103543_ardupilot_manual_random_yaw_r1,0.0,0.0028906995226765414,0.0028906995226765414
3015,ardupilot,STABILIZE,20260411_103543_ardupilot_manual_random_yaw_r1,0.0,0.0028906995226765414,0.0028906995226765414
3016,ardupilot,STABILIZE,20260411_103543_ardupilot_manual_random_yaw_r1,0.0,0.0028906995226765414,0.0028906995226765414
3017,ardupilot,STABILIZE,20260411_103543_ardupilot_manual_random_yaw_r1,0.0,0.0028906995226765414,0.0028906995226765414
3018,ardupilot,STABILIZE,20260411_103543_ardupilot_manual_random_yaw_r1,0.0,0.0028906995226765414,0.0028906995226765414
3019,ardupilot,STABILIZE,20260411_103543_ardupilot_manual_random_yaw_r1,0.0,0.0028906995226765414,0.0028906995226765414
3020,ardupilot,STABILIZE,20260411_103543_ardupilot_manual_random_yaw_r1,0.0,0.0028906995226765414,0.0028906995226765414
3021,ardupilot,STABILIZE,20260411_103543_ardupilot_manual_random_yaw_r1,0.0,0.0028906995226765414,0.0028906995226765414
3022,ardupilot,STABILIZE,20260411_103543_ardupilot_manual_random_yaw_r1,0.0,0.0028906995226765414,0.0028906995226765414
3023,ardupilot,STABILIZE,20260411_103543_ardupilot_manual_random_yaw_r1,0.0,0.0028906995226765414,0.0028906995226765414
3024,ardupilot,STABILIZE,20260411_103543_ardupilot_manual_random_yaw_r1,0.0,0.0028906995226765414,0.0028906995226765414
3025,ardupilot,STABILIZE,20260411_103543_ardupilot_manual_random_yaw_r1,0.0,0.0028906995226765414,0.0028906995226765414
3026,ardupilot,STABILIZE,20260411_103543_ardupilot_manual_random_yaw_r1,0.0,0.0028906995226765414,0.0028906995226765414
3027,ardupilot,STABILIZE,20260411_103543_ardupilot_manual_random_yaw_r1,0.0,0.0028906995226765414,0.0028906995226765414
3028,ardupilot,STABILIZE,20260411_103543_ardupilot_manual_random_yaw_r1,0.0,0.0028906995226765414,0.0028906995226765414
3029,ardupilot,STABILIZE,20260411_103543_ardupilot_manual_random_yaw_r1,0.0,0.0028906995226765414,0.0028906995226765414
3030,ardupilot,STABILIZE,20260411_103543_ardupilot_manual_random_yaw_r1,0.0,0.0028906995226765414,0.0028906995226765414
3031,ardupilot,STABILIZE,20260411_103543_ardupilot_manual_random_yaw_r1,0.0,0.0028906995226765414,0.0028906995226765414
3032,ardupilot,STABILIZE,20260411_103543_ardupilot_manual_random_yaw_r1,0.0,0.0028906995226765414,0.0028906995226765414
3033,ardupilot,STABILIZE,20260411_103543_ardupilot_manual_random_yaw_r1,0.0,0.0028906995226765414,0.0028906995226765414
3034,ardupilot,STABILIZE,20260411_103543_ardupilot_manual_random_yaw_r1,0.0,0.0028906995226765414,0.0028906995226765414
3035,ardupilot,STABILIZE,20260411_103543_ardupilot_manual_random_yaw_r1,0.0,0.0028906995226765414,0.0028906995226765414
3036,ardupilot,STABILIZE,20260411_103543_ardupilot_manual_random_yaw_r1,0.0,0.0028906995226765414,0.0028906995226765414
3037,ardupilot,STABILIZE,20260411_103543_ardupilot_manual_random_yaw_r1,0.0,0.0028906995226765414,0.0028906995226765414
3038,ardupilot,STABILIZE,20260411_103543_ardupilot_manual_random_yaw_r1,0.0,0.0028906995226765414,0.0028906995226765414
3039,ardupilot,STABILIZE,20260411_103543_ardupilot_manual_random_yaw_r1,0.0,0.0028906995226765414,0.0028906995226765414
3040,ardupilot,STABILIZE,20260411_103543_ardupilot_manual_random_yaw_r1,0.0,0.0028906995226765414,0.0028906995226765414
3041,ardupilot,STABILIZE,20260411_103543_ardupilot_manual_random_yaw_r1,0.0,0.0028906995226765414,0.0028906995226765414
3042,ardupilot,STABILIZE,20260411_103543_ardupilot_manual_random_yaw_r1,0.0,0.0028906995226765414,0.0028906995226765414
3043,ardupilot,STABILIZE,20260411_103543_ardupilot_manual_random_yaw_r1,0.0,0.0028906995226765414,0.0028906995226765414
3044,ardupilot,STABILIZE,20260411_103543_ardupilot_manual_random_yaw_r1,0.0,0.0028906995226765414,0.0028906995226765414
3045,ardupilot,STABILIZE,20260411_103543_ardupilot_manual_random_yaw_r1,0.0,0.0030343538463508783,0.0030343538463508783
3046,ardupilot,STABILIZE,20260411_103543_ardupilot_manual_random_yaw_r1,0.0,0.0030343538463508783,0.0030343538463508783
3047,ardupilot,STABILIZE,20260411_103543_ardupilot_manual_random_yaw_r1,0.0,0.002978182236920021,0.002978182236920021
3048,ardupilot,STABILIZE,20260411_103543_ardupilot_manual_random_yaw_r1,0.0,0.002878569909641261,0.002878569909641261
3049,ardupilot,STABILIZE,20260411_103543_ardupilot_manual_random_yaw_r1,0.0,0.002878569909641261,0.002878569909641261
3050,ardupilot,STABILIZE,20260411_103543_ardupilot_manual_random_yaw_r1,0.0,0.002878569909641261,0.002878569909641261
3051,ardupilot,STABILIZE,20260411_103543_ardupilot_manual_random_yaw_r1,0.0,0.002878569909641261,0.002878569909641261
3052,ardupilot,STABILIZE,20260411_103543_ardupilot_manual_random_yaw_r1,0.0,0.002878569909641261,0.002878569909641261
3053,ardupilot,STABILIZE,20260411_103543_ardupilot_manual_random_yaw_r1,0.0,0.002878569909641261,0.002878569909641261
3054,ardupilot,STABILIZE,20260411_103543_ardupilot_manual_random_yaw_r1,0.0,0.002878569909641261,0.002878569909641261
3055,ardupilot,STABILIZE,20260411_103543_ardupilot_manual_random_yaw_r1,0.0,0.002878569909641261,0.002878569909641261
3056,ardupilot,STABILIZE,20260411_103543_ardupilot_manual_random_yaw_r1,0.0,0.002878569909641261,0.002878569909641261
3057,ardupilot,STABILIZE,20260411_103543_ardupilot_manual_random_yaw_r1,0.0,0.002878569909641261,0.002878569909641261
3058,ardupilot,STABILIZE,20260411_103543_ardupilot_manual_random_yaw_r1,0.0,0.002878569909641261,0.002878569909641261
3059,ardupilot,STABILIZE,20260411_103543_ardupilot_manual_random_yaw_r1,0.0,0.002878569909641261,0.002878569909641261
3063,ardupilot,STABILIZE,20260411_103617_ardupilot_manual_sweep_yaw_r1,0.0,0.002326705261249014,0.002326705261249014
3064,ardupilot,STABILIZE,20260411_103617_ardupilot_manual_sweep_yaw_r1,0.0,0.002326705261249014,0.002326705261249014
3065,ardupilot,STABILIZE,20260411_103617_ardupilot_manual_sweep_yaw_r1,0.0,0.002326705261249014,0.002326705261249014
3066,ardupilot,STABILIZE,20260411_103617_ardupilot_manual_sweep_yaw_r1,0.0,0.002326705261249014,0.002326705261249014
3067,ardupilot,STABILIZE,20260411_103617_ardupilot_manual_sweep_yaw_r1,0.0,0.002326705261249014,0.002326705261249014
3068,ardupilot,STABILIZE,20260411_103617_ardupilot_manual_sweep_yaw_r1,0.0,0.002326705261249014,0.002326705261249014
3069,ardupilot,STABILIZE,20260411_103617_ardupilot_manual_sweep_yaw_r1,0.0,0.002326705261249014,0.002326705261249014
3070,ardupilot,STABILIZE,20260411_103617_ardupilot_manual_sweep_yaw_r1,0.0,0.002183059621664942,0.002183059621664942
3071,ardupilot,STABILIZE,20260411_103617_ardupilot_manual_sweep_yaw_r1,0.0,0.002183059621664942,0.002183059621664942
3072,ardupilot,STABILIZE,20260411_103617_ardupilot_manual_sweep_yaw_r1,0.0,0.0022392281592051354,0.0022392281592051354
3073,ardupilot,STABILIZE,20260411_103617_ardupilot_manual_sweep_yaw_r1,0.0,0.0023388360841788062,0.0023388360841788062
3074,ardupilot,STABILIZE,20260411_103617_ardupilot_manual_sweep_yaw_r1,0.0,0.0023388360841788062,0.0023388360841788062
3075,ardupilot,STABILIZE,20260411_103617_ardupilot_manual_sweep_yaw_r1,0.0,0.0023388360841788062,0.0023388360841788062
3076,ardupilot,STABILIZE,20260411_103617_ardupilot_manual_sweep_yaw_r1,0.0,0.0023388360841788062,0.0023388360841788062
3077,ardupilot,STABILIZE,20260411_103617_ardupilot_manual_sweep_yaw_r1,0.0,0.0023388360841788062,0.0023388360841788062
3078,ardupilot,STABILIZE,20260411_103617_ardupilot_manual_sweep_yaw_r1,0.0,0.0023388360841788062,0.0023388360841788062
3079,ardupilot,STABILIZE,20260411_103617_ardupilot_manual_sweep_yaw_r1,0.0,0.0023388360841788062,0.0023388360841788062
3080,ardupilot,STABILIZE,20260411_103617_ardupilot_manual_sweep_yaw_r1,0.0,0.0023388360841788062,0.0023388360841788062
3081,ardupilot,STABILIZE,20260411_103617_ardupilot_manual_sweep_yaw_r1,0.0,0.0023388360841788062,0.0023388360841788062
3082,ardupilot,STABILIZE,20260411_103617_ardupilot_manual_sweep_yaw_r1,0.0,0.002183182287232872,0.002183182287232872
3083,ardupilot,STABILIZE,20260411_103617_ardupilot_manual_sweep_yaw_r1,0.0,0.0021530260595873448,0.0021530260595873448
3084,ardupilot,STABILIZE,20260411_103617_ardupilot_manual_sweep_yaw_r1,0.0,0.002178476139687078,0.002178476139687078
3085,ardupilot,STABILIZE,20260411_103617_ardupilot_manual_sweep_yaw_r1,0.0,0.002245861584624629,0.002245861584624629
3086,ardupilot,STABILIZE,20260411_103617_ardupilot_manual_sweep_yaw_r1,0.0,0.002214728908273668,0.002214728908273668
3087,ardupilot,STABILIZE,20260411_103617_ardupilot_manual_sweep_yaw_r1,0.0,0.0021808442448058595,0.0021808442448058595
3088,ardupilot,STABILIZE,20260411_103617_ardupilot_manual_sweep_yaw_r1,0.0,0.0021474972152569576,0.0021474972152569576
3089,ardupilot,STABILIZE,20260411_103617_ardupilot_manual_sweep_yaw_r1,0.0,0.0024598425984158354,0.0024598425984158354
3090,ardupilot,STABILIZE,20260411_103617_ardupilot_manual_sweep_yaw_r1,0.0,0.0024253966125802767,0.0024253966125802767
3091,ardupilot,STABILIZE,20260411_103617_ardupilot_manual_sweep_yaw_r1,0.0,0.0023908164972204645,0.0023908164972204645
3092,ardupilot,STABILIZE,20260411_103617_ardupilot_manual_sweep_yaw_r1,0.0,0.002500732899585249,0.002500732899585249
3093,ardupilot,STABILIZE,20260411_103617_ardupilot_manual_sweep_yaw_r1,0.0,0.0023219738272910006,0.0023219738272910006
3094,ardupilot,STABILIZE,20260411_103617_ardupilot_manual_sweep_yaw_r1,0.0,0.0022860287539482617,0.0022860287539482617
3095,ardupilot,STABILIZE,20260411_103617_ardupilot_manual_sweep_yaw_r1,0.0,0.002306344154612085,0.002306344154612085
3096,ardupilot,STABILIZE,20260411_103617_ardupilot_manual_sweep_yaw_r1,0.0,0.002369159438761441,0.002369159438761441
3097,ardupilot,STABILIZE,20260411_103617_ardupilot_manual_sweep_yaw_r1,0.0,0.002333236065998777,0.002333236065998777
3098,ardupilot,STABILIZE,20260411_103617_ardupilot_manual_sweep_yaw_r1,0.0,0.0022976163065436773,0.0022976163065436773
3099,ardupilot,STABILIZE,20260411_103617_ardupilot_manual_sweep_yaw_r1,0.0,0.0022614046752387263,0.0022614046752387263
3100,ardupilot,STABILIZE,20260411_103617_ardupilot_manual_sweep_yaw_r1,0.0,0.0022260711808204676,0.0022260711808204676
3101,ardupilot,STABILIZE,20260411_103617_ardupilot_manual_sweep_yaw_r1,0.0,0.0021907764650215124,0.0021907764650215124
3102,ardupilot,STABILIZE,20260411_103617_ardupilot_manual_sweep_yaw_r1,0.0,0.002156024798929043,0.002156024798929043
3103,ardupilot,STABILIZE,20260411_103617_ardupilot_manual_sweep_yaw_r1,0.0,0.0021215228086379928,0.0021215228086379928
3104,ardupilot,STABILIZE,20260411_103617_ardupilot_manual_sweep_yaw_r1,0.0,0.0020880253392161763,0.0020880253392161763
3105,ardupilot,STABILIZE,20260411_103617_ardupilot_manual_sweep_yaw_r1,0.0,0.0020551755209984733,0.0020551755209984733
3106,ardupilot,STABILIZE,20260411_103617_ardupilot_manual_sweep_yaw_r1,0.0,0.002022686000077906,0.002022686000077906
3107,ardupilot,STABILIZE,20260411_103617_ardupilot_manual_sweep_yaw_r1,0.0,0.0019916671834029538,0.0019916671834029538
3108,ardupilot,STABILIZE,20260411_103617_ardupilot_manual_sweep_yaw_r1,0.0,0.0019603608658447526,0.0019603608658447526
3109,ardupilot,STABILIZE,20260411_103617_ardupilot_manual_sweep_yaw_r1,0.0,0.0019316270349990546,0.0019316270349990546
3110,ardupilot,STABILIZE,20260411_103617_ardupilot_manual_sweep_yaw_r1,0.0,0.001903936678168178,0.001903936678168178
3111,ardupilot,STABILIZE,20260411_103617_ardupilot_manual_sweep_yaw_r1,0.0,0.0018778378349393148,0.0018778378349393148
3112,ardupilot,STABILIZE,20260411_103617_ardupilot_manual_sweep_yaw_r1,0.0,0.0017101292889468351,0.0017101292889468351
3113,ardupilot,STABILIZE,20260411_103617_ardupilot_manual_sweep_yaw_r1,0.0,0.001687152476324908,0.001687152476324908
3114,ardupilot,STABILIZE,20260411_103617_ardupilot_manual_sweep_yaw_r1,0.0,0.0017226574607018014,0.0017226574607018014
3115,ardupilot,STABILIZE,20260411_103617_ardupilot_manual_sweep_yaw_r1,0.0,0.0018033192723669847,0.0018033192723669847
3116,ardupilot,STABILIZE,20260411_103617_ardupilot_manual_sweep_yaw_r1,0.0,0.0017868013804818205,0.0017868013804818205
3117,ardupilot,STABILIZE,20260411_103617_ardupilot_manual_sweep_yaw_r1,0.0,0.001772491038830253,0.001772491038830253
3118,ardupilot,STABILIZE,20260411_103617_ardupilot_manual_sweep_yaw_r1,0.0,0.0017604736170983262,0.0017604736170983262
3119,ardupilot,STABILIZE,20260411_103617_ardupilot_manual_sweep_yaw_r1,0.0,0.0017510422229634695,0.0017510422229634695
3120,ardupilot,STABILIZE,20260411_103617_ardupilot_manual_sweep_yaw_r1,0.0,0.0017441899933208565,0.0017441899933208565
3121,ardupilot,STABILIZE,20260411_103617_ardupilot_manual_sweep_yaw_r1,0.0,0.0017401573468568301,0.0017401573468568301
3122,ardupilot,STABILIZE,20260411_103617_ardupilot_manual_sweep_yaw_r1,0.0,0.0017389801699930815,0.0017389801699930815
3123,ardupilot,STABILIZE,20260411_103617_ardupilot_manual_sweep_yaw_r1,0.0,0.0017407630015015346,0.0017407630015015346
3124,ardupilot,STABILIZE,20260411_103617_ardupilot_manual_sweep_yaw_r1,0.0,0.001745750327545876,0.001745750327545876
3125,ardupilot,STABILIZE,20260411_103617_ardupilot_manual_sweep_yaw_r1,0.0,0.0016104327083425228,0.0016104327083425228
3126,ardupilot,STABILIZE,20260411_103617_ardupilot_manual_sweep_yaw_r1,0.0,0.0016217735116227567,0.0016217735116227567
3127,ardupilot,STABILIZE,20260411_103617_ardupilot_manual_sweep_yaw_r1,0.0,0.0016928005142576687,0.0016928005142576687
3128,ardupilot,STABILIZE,20260411_103617_ardupilot_manual_sweep_yaw_r1,0.0,0.0018103939811072011,0.0018103939811072011
3129,ardupilot,STABILIZE,20260411_103617_ardupilot_manual_sweep_yaw_r1,0.0,0.0018319263099912286,0.0018319263099912286
3130,ardupilot,STABILIZE,20260411_103617_ardupilot_manual_sweep_yaw_r1,0.0,0.001857436579101945,0.001857436579101945
3131,ardupilot,STABILIZE,20260411_103617_ardupilot_manual_sweep_yaw_r1,0.0,0.0018868299450578916,0.0018868299450578916
3132,ardupilot,STABILIZE,20260411_103617_ardupilot_manual_sweep_yaw_r1,0.0,0.0019195664968404249,0.0019195664968404249
3133,ardupilot,STABILIZE,20260411_103617_ardupilot_manual_sweep_yaw_r1,0.0,0.0019554883329336433,0.0019554883329336433
3134,ardupilot,STABILIZE,20260411_103617_ardupilot_manual_sweep_yaw_r1,0.0,0.0019954819188459628,0.0019954819188459628
3135,ardupilot,STABILIZE,20260411_103617_ardupilot_manual_sweep_yaw_r1,0.0,0.0020384469805944483,0.0020384469805944483
3136,ardupilot,STABILIZE,20260411_103617_ardupilot_manual_sweep_yaw_r1,0.0,0.002085476668628616,0.002085476668628616
3137,ardupilot,STABILIZE,20260411_103617_ardupilot_manual_sweep_yaw_r1,0.0,0.0021353303730518866,0.0021353303730518866
3138,ardupilot,STABILIZE,20260411_103617_ardupilot_manual_sweep_yaw_r1,0.0,0.002189198309263862,0.002189198309263862
3139,ardupilot,STABILIZE,20260411_103617_ardupilot_manual_sweep_yaw_r1,0.0,0.0022573900169642882,0.0022573900169642882
3140,ardupilot,STABILIZE,20260411_103617_ardupilot_manual_sweep_yaw_r1,0.0,0.0023182029798339237,0.0023182029798339237
3141,ardupilot,STABILIZE,20260411_103617_ardupilot_manual_sweep_yaw_r1,0.0,0.002239431339904019,0.002239431339904019
3142,ardupilot,STABILIZE,20260411_103617_ardupilot_manual_sweep_yaw_r1,0.0,0.002304938261004546,0.002304938261004546
3143,ardupilot,STABILIZE,20260411_103617_ardupilot_manual_sweep_yaw_r1,0.0,0.00242949415450352,0.00242949415450352
3144,ardupilot,STABILIZE,20260411_103617_ardupilot_manual_sweep_yaw_r1,0.0,0.0025993337975591447,0.0025993337975591447
3145,ardupilot,STABILIZE,20260411_103617_ardupilot_manual_sweep_yaw_r1,0.0,0.002672665490452245,0.002672665490452245
3146,ardupilot,STABILIZE,20260411_103617_ardupilot_manual_sweep_yaw_r1,0.0,0.00275407187418257,0.00275407187418257
3147,ardupilot,STABILIZE,20260411_103617_ardupilot_manual_sweep_yaw_r1,0.0,0.0028295375551651092,0.0028295375551651092
3148,ardupilot,STABILIZE,20260411_103617_ardupilot_manual_sweep_yaw_r1,0.0,0.0029059019033038373,0.0029059019033038373
3149,ardupilot,STABILIZE,20260411_103617_ardupilot_manual_sweep_yaw_r1,0.0,0.0029827266610601877,0.0029827266610601877
3150,ardupilot,STABILIZE,20260411_103617_ardupilot_manual_sweep_yaw_r1,0.0,0.003062198798088402,0.003062198798088402
3151,ardupilot,STABILIZE,20260411_103617_ardupilot_manual_sweep_yaw_r1,0.0,0.0031426390831698664,0.0031426390831698664
3152,ardupilot,STABILIZE,20260411_103617_ardupilot_manual_sweep_yaw_r1,0.0,0.0032194969626887712,0.0032194969626887712
3153,ardupilot,STABILIZE,20260411_103617_ardupilot_manual_sweep_yaw_r1,0.0,0.0032965842905081973,0.0032965842905081973
3154,ardupilot,STABILIZE,20260411_103617_ardupilot_manual_sweep_yaw_r1,0.0,0.003370888056116192,0.003370888056116192
3155,ardupilot,STABILIZE,20260411_103617_ardupilot_manual_sweep_yaw_r1,0.0,0.0034445692947162984,0.0034445692947162984
3156,ardupilot,STABILIZE,20260411_103617_ardupilot_manual_sweep_yaw_r1,0.0,0.003515087147705603,0.003515087147705603
3157,ardupilot,STABILIZE,20260411_103617_ardupilot_manual_sweep_yaw_r1,0.0,0.003583809558332181,0.003583809558332181
3158,ardupilot,STABILIZE,20260411_103617_ardupilot_manual_sweep_yaw_r1,0.0,0.0036486337187481015,0.0036486337187481015
3159,ardupilot,STABILIZE,20260411_103617_ardupilot_manual_sweep_yaw_r1,0.0,0.003709747139675949,0.003709747139675949
3160,ardupilot,STABILIZE,20260411_103617_ardupilot_manual_sweep_yaw_r1,0.0,0.0037730940514188326,0.0037730940514188326
3161,ardupilot,STABILIZE,20260411_103617_ardupilot_manual_sweep_yaw_r1,0.0,0.0038257341316608605,0.0038257341316608605
3162,ardupilot,STABILIZE,20260411_103617_ardupilot_manual_sweep_yaw_r1,0.0,0.0038815306219373014,0.0038815306219373014
3163,ardupilot,STABILIZE,20260411_103617_ardupilot_manual_sweep_yaw_r1,0.0,0.003921006981482582,0.003921006981482582
3164,ardupilot,STABILIZE,20260411_103617_ardupilot_manual_sweep_yaw_r1,0.0,0.003954400958478237,0.003954400958478237
3165,ardupilot,STABILIZE,20260411_103617_ardupilot_manual_sweep_yaw_r1,0.0,0.003981295235253644,0.003981295235253644
3166,ardupilot,STABILIZE,20260411_103617_ardupilot_manual_sweep_yaw_r1,0.0,0.0040015364741502165,0.0040015364741502165
3167,ardupilot,STABILIZE,20260411_103617_ardupilot_manual_sweep_yaw_r1,0.0,0.004017033052913462,0.004017033052913462
3168,ardupilot,STABILIZE,20260411_103617_ardupilot_manual_sweep_yaw_r1,0.0,0.004021700354587162,0.004021700354587162
3169,ardupilot,STABILIZE,20260411_103617_ardupilot_manual_sweep_yaw_r1,0.0,0.004018804437976494,0.004018804437976494
3170,ardupilot,STABILIZE,20260411_103617_ardupilot_manual_sweep_yaw_r1,0.0,0.004008367784663734,0.004008367784663734
3171,ardupilot,STABILIZE,20260411_103617_ardupilot_manual_sweep_yaw_r1,0.0,0.003990192417668616,0.003990192417668616
3172,ardupilot,STABILIZE,20260411_103617_ardupilot_manual_sweep_yaw_r1,0.0,0.003964490693793656,0.003964490693793656
3173,ardupilot,STABILIZE,20260411_103617_ardupilot_manual_sweep_yaw_r1,0.0,0.003928772801119586,0.003928772801119586
3174,ardupilot,STABILIZE,20260411_103617_ardupilot_manual_sweep_yaw_r1,0.0,0.003886813080724951,0.003886813080724951
3175,ardupilot,STABILIZE,20260411_103617_ardupilot_manual_sweep_yaw_r1,0.0,0.0038374634900887423,0.0038374634900887423
3176,ardupilot,STABILIZE,20260411_103617_ardupilot_manual_sweep_yaw_r1,0.0,0.0037811185735495403,0.0037811185735495403
3177,ardupilot,STABILIZE,20260411_103617_ardupilot_manual_sweep_yaw_r1,0.0,0.0037164992252081423,0.0037164992252081423
3178,ardupilot,STABILIZE,20260411_103617_ardupilot_manual_sweep_yaw_r1,0.0,0.0036133518228181113,0.0036133518228181113
3179,ardupilot,STABILIZE,20260411_103617_ardupilot_manual_sweep_yaw_r1,0.0,0.0035345736062507996,0.0035345736062507996
3180,ardupilot,STABILIZE,20260411_103617_ardupilot_manual_sweep_yaw_r1,0.0,0.0034503163295312223,0.0034503163295312223
3181,ardupilot,STABILIZE,20260411_103617_ardupilot_manual_sweep_yaw_r1,0.0,0.003361026386795139,0.003361026386795139
3182,ardupilot,STABILIZE,20260411_103617_ardupilot_manual_sweep_yaw_r1,0.0,0.00326745599506028,0.00326745599506028
3183,ardupilot,STABILIZE,20260411_103617_ardupilot_manual_sweep_yaw_r1,0.0,0.0031696851477332534,0.0031696851477332534
3184,ardupilot,STABILIZE,20260411_103617_ardupilot_manual_sweep_yaw_r1,0.0,0.0030695155703119956,0.0030695155703119956
3185,ardupilot,STABILIZE,20260411_103617_ardupilot_manual_sweep_yaw_r1,0.0,0.0029650017195257655,0.0029650017195257655
3186,ardupilot,STABILIZE,20260411_103617_ardupilot_manual_sweep_yaw_r1,0.0,0.0028603515274698748,0.0028603515274698748
3187,ardupilot,STABILIZE,20260411_103617_ardupilot_manual_sweep_yaw_r1,0.0,0.0027552706689789263,0.0027552706689789263
3188,ardupilot,STABILIZE,20260411_103617_ardupilot_manual_sweep_yaw_r1,0.0,0.00265065189563278,0.00265065189563278
3189,ardupilot,STABILIZE,20260411_103617_ardupilot_manual_sweep_yaw_r1,0.0,0.002548576107861494,0.002548576107861494
3190,ardupilot,STABILIZE,20260411_103617_ardupilot_manual_sweep_yaw_r1,0.0,0.0024481836238556,0.0024481836238556
3191,ardupilot,STABILIZE,20260411_103617_ardupilot_manual_sweep_yaw_r1,0.0,0.002351643080726051,0.002351643080726051
3192,ardupilot,STABILIZE,20260411_103617_ardupilot_manual_sweep_yaw_r1,0.0,0.002258117674235594,0.002258117674235594
3193,ardupilot,STABILIZE,20260411_103617_ardupilot_manual_sweep_yaw_r1,0.0,0.002171128408367243,0.002171128408367243
3194,ardupilot,STABILIZE,20260411_103617_ardupilot_manual_sweep_yaw_r1,0.0,0.002089472645699634,0.002089472645699634
3195,ardupilot,STABILIZE,20260411_103617_ardupilot_manual_sweep_yaw_r1,0.0,0.0028906995226765414,0.0028906995226765414
3196,ardupilot,STABILIZE,20260411_103617_ardupilot_manual_sweep_yaw_r1,0.0,0.0028906995226765414,0.0028906995226765414
3197,ardupilot,STABILIZE,20260411_103617_ardupilot_manual_sweep_yaw_r1,0.0,0.0028906995226765414,0.0028906995226765414
3198,ardupilot,STABILIZE,20260411_103617_ardupilot_manual_sweep_yaw_r1,0.0,0.0028906995226765414,0.0028906995226765414
3199,ardupilot,STABILIZE,20260411_103617_ardupilot_manual_sweep_yaw_r1,0.0,0.0028906995226765414,0.0028906995226765414
3200,ardupilot,STABILIZE,20260411_103617_ardupilot_manual_sweep_yaw_r1,0.0,0.0028906995226765414,0.0028906995226765414
3201,ardupilot,STABILIZE,20260411_103617_ardupilot_manual_sweep_yaw_r1,0.0,0.0028906995226765414,0.0028906995226765414
3202,ardupilot,STABILIZE,20260411_103617_ardupilot_manual_sweep_yaw_r1,0.0,0.0028906995226765414,0.0028906995226765414
3203,ardupilot,STABILIZE,20260411_103617_ardupilot_manual_sweep_yaw_r1,0.0,0.0028906995226765414,0.0028906995226765414
3204,ardupilot,STABILIZE,20260411_103617_ardupilot_manual_sweep_yaw_r1,0.0,0.0028906995226765414,0.0028906995226765414
3205,ardupilot,STABILIZE,20260411_103617_ardupilot_manual_sweep_yaw_r1,0.0,0.0028906995226765414,0.0028906995226765414
3206,ardupilot,STABILIZE,20260411_103617_ardupilot_manual_sweep_yaw_r1,0.0,0.0028906995226765414,0.0028906995226765414
3207,ardupilot,STABILIZE,20260411_103617_ardupilot_manual_sweep_yaw_r1,0.0,0.0028906995226765414,0.0028906995226765414
3208,ardupilot,STABILIZE,20260411_103617_ardupilot_manual_sweep_yaw_r1,0.0,0.0028906995226765414,0.0028906995226765414
3209,ardupilot,STABILIZE,20260411_103617_ardupilot_manual_sweep_yaw_r1,0.0,0.0028906995226765414,0.0028906995226765414
3210,ardupilot,STABILIZE,20260411_103617_ardupilot_manual_sweep_yaw_r1,0.0,0.0028906995226765414,0.0028906995226765414
3211,ardupilot,STABILIZE,20260411_103617_ardupilot_manual_sweep_yaw_r1,0.0,0.0028906995226765414,0.0028906995226765414
3212,ardupilot,STABILIZE,20260411_103617_ardupilot_manual_sweep_yaw_r1,0.0,0.0028906995226765414,0.0028906995226765414
3213,ardupilot,STABILIZE,20260411_103617_ardupilot_manual_sweep_yaw_r1,0.0,0.0028906995226765414,0.0028906995226765414
3214,ardupilot,STABILIZE,20260411_103617_ardupilot_manual_sweep_yaw_r1,0.0,0.0028906995226765414,0.0028906995226765414
3215,ardupilot,STABILIZE,20260411_103617_ardupilot_manual_sweep_yaw_r1,0.0,0.0028906995226765414,0.0028906995226765414
3216,ardupilot,STABILIZE,20260411_103617_ardupilot_manual_sweep_yaw_r1,0.0,0.0028906995226765414,0.0028906995226765414
3217,ardupilot,STABILIZE,20260411_103617_ardupilot_manual_sweep_yaw_r1,0.0,0.0028906995226765414,0.0028906995226765414
3218,ardupilot,STABILIZE,20260411_103617_ardupilot_manual_sweep_yaw_r1,0.0,0.0028906995226765414,0.0028906995226765414
3219,ardupilot,STABILIZE,20260411_103617_ardupilot_manual_sweep_yaw_r1,0.0,0.0028906995226765414,0.0028906995226765414
3220,ardupilot,STABILIZE,20260411_103617_ardupilot_manual_sweep_yaw_r1,0.0,0.0028906995226765414,0.0028906995226765414
3221,ardupilot,STABILIZE,20260411_103617_ardupilot_manual_sweep_yaw_r1,0.0,0.0028906995226765414,0.0028906995226765414
3222,ardupilot,STABILIZE,20260411_103617_ardupilot_manual_sweep_yaw_r1,0.0,0.0028906995226765414,0.0028906995226765414
3223,ardupilot,STABILIZE,20260411_103617_ardupilot_manual_sweep_yaw_r1,0.0,0.0028906995226765414,0.0028906995226765414
3224,ardupilot,STABILIZE,20260411_103617_ardupilot_manual_sweep_yaw_r1,0.0,0.0028906995226765414,0.0028906995226765414
3225,ardupilot,STABILIZE,20260411_103617_ardupilot_manual_sweep_yaw_r1,0.0,0.0028906995226765414,0.0028906995226765414
3226,ardupilot,STABILIZE,20260411_103617_ardupilot_manual_sweep_yaw_r1,0.0,0.0028906995226765414,0.0028906995226765414
3227,ardupilot,STABILIZE,20260411_103617_ardupilot_manual_sweep_yaw_r1,0.0,0.0028906995226765414,0.0028906995226765414
3228,ardupilot,STABILIZE,20260411_103617_ardupilot_manual_sweep_yaw_r1,0.0,0.0028906995226765414,0.0028906995226765414
3229,ardupilot,STABILIZE,20260411_103617_ardupilot_manual_sweep_yaw_r1,0.0,0.0028906995226765414,0.0028906995226765414
3230,ardupilot,STABILIZE,20260411_103617_ardupilot_manual_sweep_yaw_r1,0.0,0.0028906995226765414,0.0028906995226765414
3231,ardupilot,STABILIZE,20260411_103617_ardupilot_manual_sweep_yaw_r1,0.0,0.0028906995226765414,0.0028906995226765414
3232,ardupilot,STABILIZE,20260411_103617_ardupilot_manual_sweep_yaw_r1,0.0,0.0028906995226765414,0.0028906995226765414
3233,ardupilot,STABILIZE,20260411_103617_ardupilot_manual_sweep_yaw_r1,0.0,0.0028906995226765414,0.0028906995226765414
3234,ardupilot,STABILIZE,20260411_103617_ardupilot_manual_sweep_yaw_r1,0.0,0.0030343538463508783,0.0030343538463508783
3235,ardupilot,STABILIZE,20260411_103617_ardupilot_manual_sweep_yaw_r1,0.0,0.0030343538463508783,0.0030343538463508783
3236,ardupilot,STABILIZE,20260411_103617_ardupilot_manual_sweep_yaw_r1,0.0,0.002978182236920021,0.002978182236920021
3237,ardupilot,STABILIZE,20260411_103617_ardupilot_manual_sweep_yaw_r1,0.0,0.002878569909641261,0.002878569909641261
3238,ardupilot,STABILIZE,20260411_103617_ardupilot_manual_sweep_yaw_r1,0.0,0.002878569909641261,0.002878569909641261
3239,ardupilot,STABILIZE,20260411_103617_ardupilot_manual_sweep_yaw_r1,0.0,0.002878569909641261,0.002878569909641261
3240,ardupilot,STABILIZE,20260411_103617_ardupilot_manual_sweep_yaw_r1,0.0,0.002878569909641261,0.002878569909641261
3241,ardupilot,STABILIZE,20260411_103617_ardupilot_manual_sweep_yaw_r1,0.0,0.002878569909641261,0.002878569909641261
3242,ardupilot,STABILIZE,20260411_103617_ardupilot_manual_sweep_yaw_r1,0.0,0.002878569909641261,0.002878569909641261
3243,ardupilot,STABILIZE,20260411_103617_ardupilot_manual_sweep_yaw_r1,0.0,0.002878569909641261,0.002878569909641261
3244,ardupilot,STABILIZE,20260411_103617_ardupilot_manual_sweep_yaw_r1,0.0,0.002878569909641261,0.002878569909641261
3245,ardupilot,STABILIZE,20260411_103617_ardupilot_manual_sweep_yaw_r1,0.0,0.002878569909641261,0.002878569909641261
3246,ardupilot,STABILIZE,20260411_103617_ardupilot_manual_sweep_yaw_r1,0.0,0.002878569909641261,0.002878569909641261
3247,ardupilot,STABILIZE,20260411_103617_ardupilot_manual_sweep_yaw_r1,0.0,0.002878569909641261,0.002878569909641261
3248,ardupilot,STABILIZE,20260411_103617_ardupilot_manual_sweep_yaw_r1,0.0,0.002878569909641261,0.002878569909641261
3443,ardupilot,GUIDED_NOGPS,20260411_103725_ardupilot_attitude_sweep_roll_r1,1.1745003192847587,1.1868101800763504,0.012398571405648127
3444,ardupilot,GUIDED_NOGPS,20260411_103725_ardupilot_attitude_sweep_roll_r1,1.1745003192847587,1.1868101800763504,0.012398571405648127
3445,ardupilot,GUIDED_NOGPS,20260411_103725_ardupilot_attitude_sweep_roll_r1,1.1745003192847587,1.1868101800763504,0.012398571405648127
3446,ardupilot,GUIDED_NOGPS,20260411_103725_ardupilot_attitude_sweep_roll_r1,1.1745003192847587,1.1868101800763504,0.012398571405648127
3447,ardupilot,GUIDED_NOGPS,20260411_103725_ardupilot_attitude_sweep_roll_r1,1.1745003192847587,1.1868101800763504,0.012398571405648127
3448,ardupilot,GUIDED_NOGPS,20260411_103725_ardupilot_attitude_sweep_roll_r1,1.1745003192847587,1.1868101800763504,0.012398571405648127
3449,ardupilot,GUIDED_NOGPS,20260411_103725_ardupilot_attitude_sweep_roll_r1,1.1745003192847587,1.1868101800763504,0.012398571405648127
3450,ardupilot,GUIDED_NOGPS,20260411_103725_ardupilot_attitude_sweep_roll_r1,1.1745003192847587,1.1866665240093128,0.012255983413480187
3451,ardupilot,GUIDED_NOGPS,20260411_103725_ardupilot_attitude_sweep_roll_r1,1.1745003192847587,1.1866665240093128,0.012255983413480187
3452,ardupilot,GUIDED_NOGPS,20260411_103725_ardupilot_attitude_sweep_roll_r1,1.1745003192847587,1.1867226957203305,0.012311725875838078
3453,ardupilot,GUIDED_NOGPS,20260411_103725_ardupilot_attitude_sweep_roll_r1,1.1745003192847587,1.1868223079874238,0.012410597176662316
3454,ardupilot,GUIDED_NOGPS,20260411_103725_ardupilot_attitude_sweep_roll_r1,1.1745003192847587,1.1868223079874238,0.012410597176662316
3455,ardupilot,GUIDED_NOGPS,20260411_103725_ardupilot_attitude_sweep_roll_r1,1.1745003192847587,1.1868223079874238,0.012410597176662316
3456,ardupilot,GUIDED_NOGPS,20260411_103725_ardupilot_attitude_sweep_roll_r1,1.1745003192847587,1.1868223079874238,0.012410597176662316
3457,ardupilot,GUIDED_NOGPS,20260411_103725_ardupilot_attitude_sweep_roll_r1,1.1745003192847587,1.1868223079874238,0.012410597176662316
3458,ardupilot,GUIDED_NOGPS,20260411_103725_ardupilot_attitude_sweep_roll_r1,1.1745003192847587,1.1868223079874238,0.012410597176662316
3459,ardupilot,GUIDED_NOGPS,20260411_103725_ardupilot_attitude_sweep_roll_r1,1.1745003192847587,1.1868223079874238,0.012410597176662316
3460,ardupilot,GUIDED_NOGPS,20260411_103725_ardupilot_attitude_sweep_roll_r1,1.1745003192847587,1.1868223079874238,0.012410597176662316
3461,ardupilot,GUIDED_NOGPS,20260411_103725_ardupilot_attitude_sweep_roll_r1,1.1745003192847587,1.1868223079874238,0.012410597176662316
3462,ardupilot,GUIDED_NOGPS,20260411_103725_ardupilot_attitude_sweep_roll_r1,1.1745003192847587,1.1868223079874238,0.012410597176662316
3463,ardupilot,GUIDED_NOGPS,20260411_103725_ardupilot_attitude_sweep_roll_r1,1.1745003192847587,1.1866793743620834,0.012268739583618694
3464,ardupilot,GUIDED_NOGPS,20260411_103725_ardupilot_attitude_sweep_roll_r1,1.1745003192847587,1.1866801404409302,0.012269516486544308
3465,ardupilot,GUIDED_NOGPS,20260411_103725_ardupilot_attitude_sweep_roll_r1,1.1745003192847587,1.1867371096818362,0.012326068577334775
3466,ardupilot,GUIDED_NOGPS,20260411_103725_ardupilot_attitude_sweep_roll_r1,1.1745003192847587,1.186837519131208,0.012425749668656267
3467,ardupilot,GUIDED_NOGPS,20260411_103725_ardupilot_attitude_sweep_roll_r1,1.1745003192847587,1.1868383487134118,0.012426590904537842
3468,ardupilot,GUIDED_NOGPS,20260411_103725_ardupilot_attitude_sweep_roll_r1,1.1745003192847587,1.1868391757471006,0.012427429559610998
3469,ardupilot,GUIDED_NOGPS,20260411_103725_ardupilot_attitude_sweep_roll_r1,1.1745003192847587,1.186840030607924,0.012428296436522717
3470,ardupilot,GUIDED_NOGPS,20260411_103725_ardupilot_attitude_sweep_roll_r1,1.1745003192847587,1.1871872692960228,0.01277299709273717
3471,ardupilot,GUIDED_NOGPS,20260411_103725_ardupilot_attitude_sweep_roll_r1,1.1745003192847587,1.1871881342459696,0.012773874005170865
3472,ardupilot,GUIDED_NOGPS,20260411_103725_ardupilot_attitude_sweep_roll_r1,1.1745003192847587,1.1871890267262017,0.012774778832572345
3473,ardupilot,GUIDED_NOGPS,20260411_103725_ardupilot_attitude_sweep_roll_r1,1.1745003192847587,1.1871912524147437,0.012777886798225897
3474,ardupilot,GUIDED_NOGPS,20260411_103725_ardupilot_attitude_sweep_roll_r1,1.1745003192847587,1.187192154430417,0.012778801472906914
3475,ardupilot,GUIDED_NOGPS,20260411_103725_ardupilot_attitude_sweep_roll_r1,1.1745003192847587,1.1872492226399585,0.012835482624868867
3476,ardupilot,GUIDED_NOGPS,20260411_103725_ardupilot_attitude_sweep_roll_r1,1.1745003192847587,1.1873497403165283,0.012935322854750832
3477,ardupilot,GUIDED_NOGPS,20260411_103725_ardupilot_attitude_sweep_roll_r1,1.1745003192847587,1.1873506395916154,0.012936234676813967
3478,ardupilot,GUIDED_NOGPS,20260411_103725_ardupilot_attitude_sweep_roll_r1,1.1745003192847587,1.1873515484473496,0.012937156217246629
3479,ardupilot,GUIDED_NOGPS,20260411_103725_ardupilot_attitude_sweep_roll_r1,1.1745003192847587,1.187352450606916,0.012938070972080416
3480,ardupilot,GUIDED_NOGPS,20260411_103725_ardupilot_attitude_sweep_roll_r1,1.1745003192847587,1.1873533455262912,0.012938978389603634
3481,ardupilot,GUIDED_NOGPS,20260411_103725_ardupilot_attitude_sweep_roll_r1,1.1745003192847587,1.1873542443648506,0.012939889785016003
3482,ardupilot,GUIDED_NOGPS,20260411_103725_ardupilot_attitude_sweep_roll_r1,1.1745003192847587,1.1873551204238262,0.01294077808644118
3483,ardupilot,GUIDED_NOGPS,20260411_103725_ardupilot_attitude_sweep_roll_r1,1.1745003192847587,1.1873559866176835,0.0129416563886039
3484,ardupilot,GUIDED_NOGPS,20260411_103725_ardupilot_attitude_sweep_roll_r1,1.1745003192847587,1.187356847783172,0.01294252959576943
3485,ardupilot,GUIDED_NOGPS,20260411_103725_ardupilot_attitude_sweep_roll_r1,1.1745003192847587,1.1873576841301918,0.012943377640924068
3486,ardupilot,GUIDED_NOGPS,20260411_103725_ardupilot_attitude_sweep_roll_r1,1.1745003192847587,1.1873585051236728,0.012944210121134484
3487,ardupilot,GUIDED_NOGPS,20260411_103725_ardupilot_attitude_sweep_roll_r1,1.1745003192847587,1.1873593004542284,0.012945016582525969
3488,ardupilot,GUIDED_NOGPS,20260411_103725_ardupilot_attitude_sweep_roll_r1,1.1745003192847587,1.1873600813869303,0.012945808447590117
3489,ardupilot,GUIDED_NOGPS,20260411_103725_ardupilot_attitude_sweep_roll_r1,1.1745003192847587,1.1873608205628745,0.01294655797410233
3490,ardupilot,GUIDED_NOGPS,20260411_103725_ardupilot_attitude_sweep_roll_r1,1.1745003192847587,1.1873615432505533,0.012947290784064173
3491,ardupilot,GUIDED_NOGPS,20260411_103725_ardupilot_attitude_sweep_roll_r1,1.1745003192847587,1.1873622175834917,0.01294797456432369
3492,ardupilot,GUIDED_NOGPS,20260411_103725_ardupilot_attitude_sweep_roll_r1,1.1745003192847587,1.186788228573252,0.012378104831535054
3493,ardupilot,GUIDED_NOGPS,20260411_103725_ardupilot_attitude_sweep_roll_r1,1.1745003192847587,1.185928229100583,0.0115250299799261
3494,ardupilot,GUIDED_NOGPS,20260411_103725_ardupilot_attitude_sweep_roll_r1,1.1745003192847587,1.1852915337547227,0.010894130048931673
3495,ardupilot,GUIDED_NOGPS,20260411_103725_ardupilot_attitude_sweep_roll_r1,1.1745003192847587,1.1850232575723165,0.010628438457289321
3496,ardupilot,GUIDED_NOGPS,20260411_103725_ardupilot_attitude_sweep_roll_r1,1.1745003192847587,1.1850895404559496,0.01069396981099408
3497,ardupilot,GUIDED_NOGPS,20260411_103725_ardupilot_attitude_sweep_roll_r1,1.1745003192847587,1.1853654596639907,0.010967091039309982
3498,ardupilot,GUIDED_NOGPS,20260411_103725_ardupilot_attitude_sweep_roll_r1,1.1745003192847587,1.185674899734724,0.011273580467585125
3499,ardupilot,GUIDED_NOGPS,20260411_103725_ardupilot_attitude_sweep_roll_r1,1.1745003192847587,1.185838717956198,0.01143586361718774
3500,ardupilot,GUIDED_NOGPS,20260411_103725_ardupilot_attitude_sweep_roll_r1,1.1745003192847587,1.1860281018853454,0.011623553928574087
3501,ardupilot,GUIDED_NOGPS,20260411_103725_ardupilot_attitude_sweep_roll_r1,1.1745003192847587,1.1850886527655933,0.010692644594765226
3502,ardupilot,GUIDED_NOGPS,20260411_103725_ardupilot_attitude_sweep_roll_r1,1.1745003192847587,1.1820464338406238,0.00769245367749615
3503,ardupilot,GUIDED_NOGPS,20260411_103725_ardupilot_attitude_sweep_roll_r1,1.1745003192847587,1.1796520590484314,0.0053640933847553625
3504,ardupilot,GUIDED_NOGPS,20260411_103725_ardupilot_attitude_sweep_roll_r1,1.1745003192847587,1.1798082605149924,0.00551328580874563
3505,ardupilot,GUIDED_NOGPS,20260411_103725_ardupilot_attitude_sweep_roll_r1,1.1745003192847587,1.1822943199877822,0.007933719908148729
3506,ardupilot,GUIDED_NOGPS,20260411_103725_ardupilot_attitude_sweep_roll_r1,1.1745003192847587,1.184977716943713,0.010580524690364723
3507,ardupilot,GUIDED_NOGPS,20260411_103725_ardupilot_attitude_sweep_roll_r1,1.1745003192847587,1.1873485278857439,0.012931612851045448
3508,ardupilot,GUIDED_NOGPS,20260411_103725_ardupilot_attitude_sweep_roll_r1,1.1745003192847587,1.1888810796615465,0.014454834223900809
3509,ardupilot,GUIDED_NOGPS,20260411_103725_ardupilot_attitude_sweep_roll_r1,1.1745003192847587,1.1899139760829451,0.015482420011756926
3510,ardupilot,GUIDED_NOGPS,20260411_103725_ardupilot_attitude_sweep_roll_r1,1.1745003192847587,1.190075510401321,0.015642975665994503
3511,ardupilot,GUIDED_NOGPS,20260411_103725_ardupilot_attitude_sweep_roll_r1,1.1745003192847587,1.1898620837243008,0.015430443131576392
3512,ardupilot,GUIDED_NOGPS,20260411_103725_ardupilot_attitude_sweep_roll_r1,1.1745003192847587,1.1892789866937947,0.014849895516657826
3513,ardupilot,GUIDED_NOGPS,20260411_103725_ardupilot_attitude_sweep_roll_r1,1.1745003192847587,1.188967867217382,0.014540220420591197
3514,ardupilot,GUIDED_NOGPS,20260411_103725_ardupilot_attitude_sweep_roll_r1,1.1745003192847587,1.1885537624965457,0.01412803869345436
3515,ardupilot,GUIDED_NOGPS,20260411_103725_ardupilot_attitude_sweep_roll_r1,1.1745003192847587,1.1882925539854179,0.013867939748379769
3516,ardupilot,GUIDED_NOGPS,20260411_103725_ardupilot_attitude_sweep_roll_r1,1.1745003192847587,1.1880649845212639,0.013641568815202803
3517,ardupilot,GUIDED_NOGPS,20260411_103725_ardupilot_attitude_sweep_roll_r1,1.1745003192847587,1.1879853801961469,0.013562403118963173
3518,ardupilot,GUIDED_NOGPS,20260411_103725_ardupilot_attitude_sweep_roll_r1,1.1745003192847587,1.1878800790826376,0.013457555373021717
3519,ardupilot,GUIDED_NOGPS,20260411_103725_ardupilot_attitude_sweep_roll_r1,1.1745003192847587,1.1877607040533402,0.013338763466201166
3520,ardupilot,GUIDED_NOGPS,20260411_103725_ardupilot_attitude_sweep_roll_r1,1.1745003192847587,1.1878748744989671,0.013452077682115003
3521,ardupilot,GUIDED_NOGPS,20260411_103725_ardupilot_attitude_sweep_roll_r1,1.1745003192847587,1.1878809792707306,0.013458172433399083
3522,ardupilot,GUIDED_NOGPS,20260411_103725_ardupilot_attitude_sweep_roll_r1,1.1745003192847587,1.1878102794490712,0.013387786294300486
3523,ardupilot,GUIDED_NOGPS,20260411_103725_ardupilot_attitude_sweep_roll_r1,1.1745003192847587,1.1876983452209118,0.013276459533013167
3524,ardupilot,GUIDED_NOGPS,20260411_103725_ardupilot_attitude_sweep_roll_r1,1.1745003192847587,1.1875831107415513,0.013161818922054107
3525,ardupilot,GUIDED_NOGPS,20260411_103725_ardupilot_attitude_sweep_roll_r1,1.1745003192847587,1.1874039714737006,0.012983893412051166
3526,ardupilot,GUIDED_NOGPS,20260411_103725_ardupilot_attitude_sweep_roll_r1,1.1745003192847587,1.1874465145197282,0.013026113126849499
3527,ardupilot,GUIDED_NOGPS,20260411_103725_ardupilot_attitude_sweep_roll_r1,1.1745003192847587,1.1873650994289862,0.012945189923810082
3528,ardupilot,GUIDED_NOGPS,20260411_103725_ardupilot_attitude_sweep_roll_r1,1.1745003192847587,1.1873083100730557,0.01288871031426829
3529,ardupilot,GUIDED_NOGPS,20260411_103725_ardupilot_attitude_sweep_roll_r1,1.1745003192847587,1.1871433561960423,0.012724935672678524
3530,ardupilot,GUIDED_NOGPS,20260411_103725_ardupilot_attitude_sweep_roll_r1,1.1745003192847587,1.1871554662975545,0.012736969230101583
3531,ardupilot,GUIDED_NOGPS,20260411_103725_ardupilot_attitude_sweep_roll_r1,1.1745003192847587,1.1869432844937151,0.012526248401868355
3532,ardupilot,GUIDED_NOGPS,20260411_103725_ardupilot_attitude_sweep_roll_r1,1.1745003192847587,1.1869567213635048,0.012539592995171071
3533,ardupilot,GUIDED_NOGPS,20260411_103725_ardupilot_attitude_sweep_roll_r1,1.1745003192847587,1.186811440797268,0.012395342741789725
3534,ardupilot,GUIDED_NOGPS,20260411_103725_ardupilot_attitude_sweep_roll_r1,1.1745003192847587,1.1869361479373,0.01251931521187451
3535,ardupilot,GUIDED_NOGPS,20260411_103725_ardupilot_attitude_sweep_roll_r1,1.1745003192847587,1.1867988254311095,0.01238303742564299
3536,ardupilot,GUIDED_NOGPS,20260411_103725_ardupilot_attitude_sweep_roll_r1,1.1745003192847587,1.1869521656843094,0.012535633588829777
3537,ardupilot,GUIDED_NOGPS,20260411_103725_ardupilot_attitude_sweep_roll_r1,1.1745003192847587,1.1867996662550864,0.012383901271755472
3538,ardupilot,GUIDED_NOGPS,20260411_103725_ardupilot_attitude_sweep_roll_r1,1.1745003192847587,1.1868180309304908,0.012402721506319263
3539,ardupilot,GUIDED_NOGPS,20260411_103725_ardupilot_attitude_sweep_roll_r1,1.1745003192847587,1.1867130040256448,0.012298441379247647
3540,ardupilot,GUIDED_NOGPS,20260411_103725_ardupilot_attitude_sweep_roll_r1,1.1745003192847587,1.1867560138922235,0.012341306787999239
3541,ardupilot,GUIDED_NOGPS,20260411_103725_ardupilot_attitude_sweep_roll_r1,1.1745003192847587,1.1867858698388518,0.01237103109114702
3542,ardupilot,GUIDED_NOGPS,20260411_103725_ardupilot_attitude_sweep_roll_r1,1.1745003192847587,1.186775529306339,0.012360930404142588
3543,ardupilot,GUIDED_NOGPS,20260411_103725_ardupilot_attitude_sweep_roll_r1,1.1745003192847587,1.1868301849572616,0.012415333475652063
3544,ardupilot,GUIDED_NOGPS,20260411_103725_ardupilot_attitude_sweep_roll_r1,1.1745003192847587,1.1868280421373822,0.012413507412794648
3545,ardupilot,GUIDED_NOGPS,20260411_103725_ardupilot_attitude_sweep_roll_r1,1.1745003192847587,1.1868852200145987,0.012470355980303556
3546,ardupilot,GUIDED_NOGPS,20260411_103725_ardupilot_attitude_sweep_roll_r1,1.1745003192847587,1.186918100428839,0.012503264514371127
3547,ardupilot,GUIDED_NOGPS,20260411_103725_ardupilot_attitude_sweep_roll_r1,1.1745003192847587,1.1869740387592906,0.012558898001983244
3548,ardupilot,GUIDED_NOGPS,20260411_103725_ardupilot_attitude_sweep_roll_r1,1.1745003192847587,1.186970657394727,0.012555853475459008
3549,ardupilot,GUIDED_NOGPS,20260411_103725_ardupilot_attitude_sweep_roll_r1,1.1745003192847587,1.1870285325453083,0.012613414399764968
3550,ardupilot,GUIDED_NOGPS,20260411_103725_ardupilot_attitude_sweep_roll_r1,1.1745003192847587,1.1870554869234975,0.01264032679861487
3551,ardupilot,GUIDED_NOGPS,20260411_103725_ardupilot_attitude_sweep_roll_r1,1.1745003192847587,1.1871118782670558,0.012696490067242525
3552,ardupilot,GUIDED_NOGPS,20260411_103725_ardupilot_attitude_sweep_roll_r1,1.1745003192847587,1.1871092398486773,0.012694196603879784
3553,ardupilot,GUIDED_NOGPS,20260411_103725_ardupilot_attitude_sweep_roll_r1,1.1745003192847587,1.1872026298943363,0.012787004557651504
3554,ardupilot,GUIDED_NOGPS,20260411_103725_ardupilot_attitude_sweep_roll_r1,1.1745003192847587,1.1871874353444294,0.012772120085359868
3555,ardupilot,GUIDED_NOGPS,20260411_103725_ardupilot_attitude_sweep_roll_r1,1.1745003192847587,1.187152473230801,0.01273809079072871
3556,ardupilot,GUIDED_NOGPS,20260411_103725_ardupilot_attitude_sweep_roll_r1,1.1745003192847587,1.187191572782559,0.012776797176872374
3557,ardupilot,GUIDED_NOGPS,20260411_103725_ardupilot_attitude_sweep_roll_r1,1.1745003192847587,1.187293576058407,0.012878313530801473
3558,ardupilot,GUIDED_NOGPS,20260411_103725_ardupilot_attitude_sweep_roll_r1,1.1745003192847587,1.187391780874163,0.012976041370918028
3559,ardupilot,GUIDED_NOGPS,20260411_103725_ardupilot_attitude_sweep_roll_r1,1.1745003192847587,1.1873645337281584,0.012949074665911426
3560,ardupilot,GUIDED_NOGPS,20260411_103725_ardupilot_attitude_sweep_roll_r1,1.1745003192847587,1.1874194424196294,0.013003876132099189
3561,ardupilot,GUIDED_NOGPS,20260411_103725_ardupilot_attitude_sweep_roll_r1,1.1745003192847587,1.1873956874380986,0.012980385129767931
3562,ardupilot,GUIDED_NOGPS,20260411_103725_ardupilot_attitude_sweep_roll_r1,1.1745003192847587,1.1874735941078556,0.013057861551833149
3563,ardupilot,GUIDED_NOGPS,20260411_103725_ardupilot_attitude_sweep_roll_r1,1.1745003192847587,1.1874519858599906,0.013036569810543465
3564,ardupilot,GUIDED_NOGPS,20260411_103725_ardupilot_attitude_sweep_roll_r1,1.1745003192847587,1.187496152128373,0.013080581339243114
3565,ardupilot,GUIDED_NOGPS,20260411_103725_ardupilot_attitude_sweep_roll_r1,1.1745003192847587,1.1875044816244882,0.013088986905328419
3566,ardupilot,GUIDED_NOGPS,20260411_103725_ardupilot_attitude_sweep_roll_r1,1.1745003192847587,1.1875354644938636,0.01311978159162
3567,ardupilot,GUIDED_NOGPS,20260411_103725_ardupilot_attitude_sweep_roll_r1,1.1745003192847587,1.1875035219362735,0.013088294373034033
3568,ardupilot,GUIDED_NOGPS,20260411_103725_ardupilot_attitude_sweep_roll_r1,1.1745003192847587,1.1875687019924164,0.013153016507920156
3569,ardupilot,GUIDED_NOGPS,20260411_103725_ardupilot_attitude_sweep_roll_r1,1.1745003192847587,1.1873691340852792,0.012954780941451995
3570,ardupilot,GUIDED_NOGPS,20260411_103725_ardupilot_attitude_sweep_roll_r1,1.1745003192847587,1.1874311639506527,0.013016490401055167
3571,ardupilot,GUIDED_NOGPS,20260411_103725_ardupilot_attitude_sweep_roll_r1,1.1745003192847587,1.1874805494844372,0.01306544517715841
3572,ardupilot,GUIDED_NOGPS,20260411_103725_ardupilot_attitude_sweep_roll_r1,1.1745003192847587,1.1875826781767322,0.013166941023138527
3573,ardupilot,GUIDED_NOGPS,20260411_103725_ardupilot_attitude_sweep_roll_r1,1.1745003192847587,1.1875369436817578,0.013121536824413244
3574,ardupilot,GUIDED_NOGPS,20260411_103725_ardupilot_attitude_sweep_roll_r1,1.1745003192847587,1.1875154691008785,0.013100208266803682
3575,ardupilot,GUIDED_NOGPS,20260411_103725_ardupilot_attitude_sweep_roll_r1,1.1745003192847587,1.187516414001526,0.01310103037374352
3576,ardupilot,GUIDED_NOGPS,20260411_103725_ardupilot_attitude_sweep_roll_r1,1.1745003192847587,1.1874907502529846,0.01307559587973687
3577,ardupilot,GUIDED_NOGPS,20260411_103725_ardupilot_attitude_sweep_roll_r1,1.1745003192847587,1.1874808121331855,0.013065255127703271
3578,ardupilot,GUIDED_NOGPS,20260411_103725_ardupilot_attitude_sweep_roll_r1,1.1745003192847587,1.1874203436226525,0.013005191852504396
3579,ardupilot,GUIDED_NOGPS,20260411_103725_ardupilot_attitude_sweep_roll_r1,1.1745003192847587,1.1874668097949124,0.013051266889291287
3580,ardupilot,GUIDED_NOGPS,20260411_103725_ardupilot_attitude_sweep_roll_r1,1.1745003192847587,1.1874205668522826,0.01300546101181778
3581,ardupilot,GUIDED_NOGPS,20260411_103725_ardupilot_attitude_sweep_roll_r1,1.1745003192847587,1.187433778271728,0.01301848667284109
3582,ardupilot,GUIDED_NOGPS,20260411_103725_ardupilot_attitude_sweep_roll_r1,1.1745003192847587,1.187421025271914,0.013005901148903657
3583,ardupilot,GUIDED_NOGPS,20260411_103725_ardupilot_attitude_sweep_roll_r1,1.1745003192847587,1.1874601683049522,0.013044938351826567
3584,ardupilot,GUIDED_NOGPS,20260411_103725_ardupilot_attitude_sweep_roll_r1,1.1745003192847587,1.1874171501279662,0.013002047325429035
3585,ardupilot,GUIDED_NOGPS,20260411_103725_ardupilot_attitude_sweep_roll_r1,1.1745003192847587,1.1874301159358995,0.013015052940429353
3586,ardupilot,GUIDED_NOGPS,20260411_103725_ardupilot_attitude_sweep_roll_r1,1.1745003192847587,1.1874198643252802,0.013004726974770666
3587,ardupilot,GUIDED_NOGPS,20260411_103725_ardupilot_attitude_sweep_roll_r1,1.1745003192847587,1.1873717317438859,0.012957047435380403
3588,ardupilot,GUIDED_NOGPS,20260411_103725_ardupilot_attitude_sweep_roll_r1,1.1745003192847587,1.1873996176219288,0.012984769450884462
3589,ardupilot,GUIDED_NOGPS,20260411_103725_ardupilot_attitude_sweep_roll_r1,1.1745003192847587,1.187341010200069,0.01292649631773684
3590,ardupilot,GUIDED_NOGPS,20260411_103725_ardupilot_attitude_sweep_roll_r1,1.1745003192847587,1.1873523605274814,0.012937735792457005
3591,ardupilot,GUIDED_NOGPS,20260411_103725_ardupilot_attitude_sweep_roll_r1,1.1745003192847587,1.1872979291468657,0.012883805066748633
3592,ardupilot,GUIDED_NOGPS,20260411_103725_ardupilot_attitude_sweep_roll_r1,1.1745003192847587,1.1873108964688994,0.012896586139452904
3593,ardupilot,GUIDED_NOGPS,20260411_103725_ardupilot_attitude_sweep_roll_r1,1.1745003192847587,1.1872523175995644,0.012838410652342109
3594,ardupilot,GUIDED_NOGPS,20260411_103725_ardupilot_attitude_sweep_roll_r1,1.1745003192847587,1.1872769998763388,0.012863016410045228
3595,ardupilot,GUIDED_NOGPS,20260411_103725_ardupilot_attitude_sweep_roll_r1,1.1745003192847587,1.1872215418588312,0.012807877900047298
3596,ardupilot,GUIDED_NOGPS,20260411_103725_ardupilot_attitude_sweep_roll_r1,1.1745003192847587,1.187233502418822,0.012819719772217188
3597,ardupilot,GUIDED_NOGPS,20260411_103725_ardupilot_attitude_sweep_roll_r1,1.1745003192847587,1.1871730339085065,0.012759672723962763
3598,ardupilot,GUIDED_NOGPS,20260411_103725_ardupilot_attitude_sweep_roll_r1,1.1745003192847587,1.187184506283758,0.012771030563354593
3599,ardupilot,GUIDED_NOGPS,20260411_103725_ardupilot_attitude_sweep_roll_r1,1.1745003192847587,1.1871098122090191,0.012696731322932552
3600,ardupilot,GUIDED_NOGPS,20260411_103725_ardupilot_attitude_sweep_roll_r1,1.1745003192847587,1.187154051150155,0.01274064366534821
3601,ardupilot,GUIDED_NOGPS,20260411_103725_ardupilot_attitude_sweep_roll_r1,1.1745003192847587,1.1870948424003134,0.012681851866396915
3602,ardupilot,GUIDED_NOGPS,20260411_103725_ardupilot_attitude_sweep_roll_r1,1.1745003192847587,1.1869509133744036,0.01253878282795943
3603,ardupilot,GUIDED_NOGPS,20260411_103725_ardupilot_attitude_sweep_roll_r1,1.1745003192847587,1.186901945789157,0.012490201545361117
3604,ardupilot,GUIDED_NOGPS,20260411_103725_ardupilot_attitude_sweep_roll_r1,1.1745003192847587,1.1869451516971465,0.012532953773290318
3605,ardupilot,GUIDED_NOGPS,20260411_103725_ardupilot_attitude_sweep_roll_r1,1.1745003192847587,1.1869765121304134,0.012563981998217367
3606,ardupilot,GUIDED_NOGPS,20260411_103725_ardupilot_attitude_sweep_roll_r1,1.1745003192847587,1.1869154422914538,0.012503418568915771
3607,ardupilot,GUIDED_NOGPS,20260411_103725_ardupilot_attitude_sweep_roll_r1,1.1745003192847587,1.1870574828855842,0.012644275932658175
3608,ardupilot,GUIDED_NOGPS,20260411_103725_ardupilot_attitude_sweep_roll_r1,1.1745003192847587,1.186980297839589,0.01256757508963936
3609,ardupilot,GUIDED_NOGPS,20260411_103725_ardupilot_attitude_sweep_roll_r1,1.1745003192847587,1.1869339815059206,0.012521630441567726
3610,ardupilot,GUIDED_NOGPS,20260411_103725_ardupilot_attitude_sweep_roll_r1,1.1745003192847587,1.186762824566007,0.012351596594566173
3611,ardupilot,GUIDED_NOGPS,20260411_103725_ardupilot_attitude_sweep_roll_r1,1.1745003192847587,1.1867606905165686,0.012349373023441641
3612,ardupilot,GUIDED_NOGPS,20260411_103725_ardupilot_attitude_sweep_roll_r1,1.1745003192847587,1.1867201448171103,0.012309013770910319
3613,ardupilot,GUIDED_NOGPS,20260411_103725_ardupilot_attitude_sweep_roll_r1,1.1745003192847587,1.186703458373742,0.012292217415371178
3614,ardupilot,GUIDED_NOGPS,20260411_103725_ardupilot_attitude_sweep_roll_r1,1.1745003192847587,1.1866329793053396,0.012222229731135022
3615,ardupilot,GUIDED_NOGPS,20260411_103725_ardupilot_attitude_sweep_roll_r1,1.1745003192847587,1.1866181524150927,0.012207447507038923
3616,ardupilot,GUIDED_NOGPS,20260411_103725_ardupilot_attitude_sweep_roll_r1,1.1745003192847587,1.186592838734428,0.012182172188806744
3617,ardupilot,GUIDED_NOGPS,20260411_103725_ardupilot_attitude_sweep_roll_r1,1.1745003192847587,1.1865175433327149,0.012107381547357327
3618,ardupilot,GUIDED_NOGPS,20260411_103725_ardupilot_attitude_sweep_roll_r1,1.1745003192847587,1.1865140667811802,0.012103828909518772
3619,ardupilot,GUIDED_NOGPS,20260411_103725_ardupilot_attitude_sweep_roll_r1,1.1745003192847587,1.1864716314451706,0.012061602390160141
3620,ardupilot,GUIDED_NOGPS,20260411_103725_ardupilot_attitude_sweep_roll_r1,1.1745003192847587,1.1864694974039798,0.01205937768987861
3621,ardupilot,GUIDED_NOGPS,20260411_103725_ardupilot_attitude_sweep_roll_r1,1.1745003192847587,1.1863960916463874,0.011986470771836257
3622,ardupilot,GUIDED_NOGPS,20260411_103725_ardupilot_attitude_sweep_roll_r1,1.1745003192847587,1.1863927371436418,0.011983038553112741
3623,ardupilot,GUIDED_NOGPS,20260411_103725_ardupilot_attitude_sweep_roll_r1,1.1745003192847587,1.1863471524081388,0.01193769146408425
3624,ardupilot,GUIDED_NOGPS,20260411_103725_ardupilot_attitude_sweep_roll_r1,1.1745003192847587,1.1863436758574326,0.011934138416383203
3625,ardupilot,GUIDED_NOGPS,20260411_103725_ardupilot_attitude_sweep_roll_r1,1.1745003192847587,1.1862566744330632,0.011847614769098859
3626,ardupilot,GUIDED_NOGPS,20260411_103725_ardupilot_attitude_sweep_roll_r1,1.1745003192847587,1.1862654009991171,0.011856371298724844
3627,ardupilot,GUIDED_NOGPS,20260411_103725_ardupilot_attitude_sweep_roll_r1,1.1745003192847587,1.1863592963324543,0.01194920888774315
3628,ardupilot,GUIDED_NOGPS,20260411_103725_ardupilot_attitude_sweep_roll_r1,1.1745003192847587,1.1863665583330532,0.011956517156336931
3629,ardupilot,GUIDED_NOGPS,20260411_103725_ardupilot_attitude_sweep_roll_r1,1.1745003192847587,1.1862331730428328,0.011824048015136958
5734,ardupilot,GUIDED_NOGPS,20260411_104415_ardupilot_attitude_sweep_yaw_r1,1.1750004255318378,1.1792640356647102,0.004350612316156412
5735,ardupilot,GUIDED_NOGPS,20260411_104415_ardupilot_attitude_sweep_yaw_r1,1.1750004255318378,1.1792640356647102,0.004350612316156412
5736,ardupilot,GUIDED_NOGPS,20260411_104415_ardupilot_attitude_sweep_yaw_r1,1.1750004255318378,1.1792640356647102,0.004350612316156412
5737,ardupilot,GUIDED_NOGPS,20260411_104415_ardupilot_attitude_sweep_yaw_r1,1.1750004255318378,1.1792640356647102,0.004350612316156412
5738,ardupilot,GUIDED_NOGPS,20260411_104415_ardupilot_attitude_sweep_yaw_r1,1.1750004255318378,1.1792640356647102,0.004350612316156412
5739,ardupilot,GUIDED_NOGPS,20260411_104415_ardupilot_attitude_sweep_yaw_r1,1.1750004255318378,1.1792640356647102,0.004350612316156412
5740,ardupilot,GUIDED_NOGPS,20260411_104415_ardupilot_attitude_sweep_yaw_r1,1.1750004255318378,1.1792640356647102,0.004350612316156412
5741,ardupilot,GUIDED_NOGPS,20260411_104415_ardupilot_attitude_sweep_yaw_r1,1.1750004255318378,1.1792640356647102,0.004350612316156412
5742,ardupilot,GUIDED_NOGPS,20260411_104415_ardupilot_attitude_sweep_yaw_r1,1.1750004255318378,1.1791203794803604,0.004209893377358892
5743,ardupilot,GUIDED_NOGPS,20260411_104415_ardupilot_attitude_sweep_yaw_r1,1.1750004255318378,1.1791203794803604,0.004209893377358892
5744,ardupilot,GUIDED_NOGPS,20260411_104415_ardupilot_attitude_sweep_yaw_r1,1.1750004255318378,1.1791765513767034,0.0042648606317027505
5745,ardupilot,GUIDED_NOGPS,20260411_104415_ardupilot_attitude_sweep_yaw_r1,1.1750004255318378,1.1792761639002116,0.00436246862927795
5746,ardupilot,GUIDED_NOGPS,20260411_104415_ardupilot_attitude_sweep_yaw_r1,1.1750004255318378,1.1792761639002116,0.00436246862927795
5747,ardupilot,GUIDED_NOGPS,20260411_104415_ardupilot_attitude_sweep_yaw_r1,1.1750004255318378,1.1792761639002116,0.00436246862927795
5748,ardupilot,GUIDED_NOGPS,20260411_104415_ardupilot_attitude_sweep_yaw_r1,1.1750004255318378,1.1792761639002116,0.00436246862927795
5749,ardupilot,GUIDED_NOGPS,20260411_104415_ardupilot_attitude_sweep_yaw_r1,1.1750004255318378,1.1792761639002116,0.00436246862927795
5750,ardupilot,GUIDED_NOGPS,20260411_104415_ardupilot_attitude_sweep_yaw_r1,1.1750004255318378,1.1792761639002116,0.00436246862927795
5751,ardupilot,GUIDED_NOGPS,20260411_104415_ardupilot_attitude_sweep_yaw_r1,1.1750004255318378,1.1792761639002116,0.00436246862927795
5752,ardupilot,GUIDED_NOGPS,20260411_104415_ardupilot_attitude_sweep_yaw_r1,1.1750004255318378,1.1792761639002116,0.00436246862927795
5753,ardupilot,GUIDED_NOGPS,20260411_104415_ardupilot_attitude_sweep_yaw_r1,1.1750004255318378,1.1792759521236258,0.0043622637154459
5754,ardupilot,GUIDED_NOGPS,20260411_104415_ardupilot_attitude_sweep_yaw_r1,1.1750004255318378,1.1791266612112004,0.004216085781230046
5755,ardupilot,GUIDED_NOGPS,20260411_104415_ardupilot_attitude_sweep_yaw_r1,1.1750004255318378,1.1791210126047749,0.0042106310752793655
5756,ardupilot,GUIDED_NOGPS,20260411_104415_ardupilot_attitude_sweep_yaw_r1,1.1750004255318378,1.1791713468281257,0.004259956206098231
5757,ardupilot,GUIDED_NOGPS,20260411_104415_ardupilot_attitude_sweep_yaw_r1,1.1750004255318378,1.179265046927031,0.004351835268540618
5758,ardupilot,GUIDED_NOGPS,20260411_104415_ardupilot_attitude_sweep_yaw_r1,1.1750004255318378,1.1792589369943136,0.004345924996045279
5759,ardupilot,GUIDED_NOGPS,20260411_104415_ardupilot_attitude_sweep_yaw_r1,1.1750004255318378,1.1792527648843298,0.004339955203447683
5760,ardupilot,GUIDED_NOGPS,20260411_104415_ardupilot_attitude_sweep_yaw_r1,1.1750004255318378,1.1795929333504376,0.0046739076053415145
5761,ardupilot,GUIDED_NOGPS,20260411_104415_ardupilot_attitude_sweep_yaw_r1,1.1750004255318378,1.1795866195071678,0.004667778096973644
5762,ardupilot,GUIDED_NOGPS,20260411_104415_ardupilot_attitude_sweep_yaw_r1,1.1750004255318378,1.1795802572112155,0.0046616021114969835
5763,ardupilot,GUIDED_NOGPS,20260411_104415_ardupilot_attitude_sweep_yaw_r1,1.1750004255318378,1.179718611382536,0.004798589486026052
5764,ardupilot,GUIDED_NOGPS,20260411_104415_ardupilot_attitude_sweep_yaw_r1,1.1750004255318378,1.1795680597154694,0.004650694988312708
5765,ardupilot,GUIDED_NOGPS,20260411_104415_ardupilot_attitude_sweep_yaw_r1,1.1750004255318378,1.1795613341923392,0.004644170945214917
5766,ardupilot,GUIDED_NOGPS,20260411_104415_ardupilot_attitude_sweep_yaw_r1,1.1750004255318378,1.1796108889787296,0.004692906942305174
5767,ardupilot,GUIDED_NOGPS,20260411_104415_ardupilot_attitude_sweep_yaw_r1,1.1750004255318378,1.1797038812076994,0.00478439313540102
5768,ardupilot,GUIDED_NOGPS,20260411_104415_ardupilot_attitude_sweep_yaw_r1,1.1750004255318378,1.179697264170263,0.004777966015951288
5769,ardupilot,GUIDED_NOGPS,20260411_104415_ardupilot_attitude_sweep_yaw_r1,1.1750004255318378,1.1796906207325286,0.004771513843743706
5770,ardupilot,GUIDED_NOGPS,20260411_104415_ardupilot_attitude_sweep_yaw_r1,1.1750004255318378,1.1796840002976174,0.004765084602410825
5771,ardupilot,GUIDED_NOGPS,20260411_104415_ardupilot_attitude_sweep_yaw_r1,1.1750004255318378,1.1796772947040408,0.004758573264886553
5772,ardupilot,GUIDED_NOGPS,20260411_104415_ardupilot_attitude_sweep_yaw_r1,1.1750004255318378,1.1796707750013393,0.00475224301747634
5773,ardupilot,GUIDED_NOGPS,20260411_104415_ardupilot_attitude_sweep_yaw_r1,1.1750004255318378,1.1796643261530844,0.004745982134630712
5774,ardupilot,GUIDED_NOGPS,20260411_104415_ardupilot_attitude_sweep_yaw_r1,1.1750004255318378,1.1796579716493163,0.004739813402194492
5775,ardupilot,GUIDED_NOGPS,20260411_104415_ardupilot_attitude_sweep_yaw_r1,1.1750004255318378,1.1796517170986072,0.004733742241585629
5776,ardupilot,GUIDED_NOGPS,20260411_104415_ardupilot_attitude_sweep_yaw_r1,1.1750004255318378,1.1796455653114382,0.004727771356814621
5777,ardupilot,GUIDED_NOGPS,20260411_104415_ardupilot_attitude_sweep_yaw_r1,1.1750004255318378,1.1796395846277745,0.004721967045429887
5778,ardupilot,GUIDED_NOGPS,20260411_104415_ardupilot_attitude_sweep_yaw_r1,1.1750004255318378,1.1796337722731416,0.00471632657443445
5779,ardupilot,GUIDED_NOGPS,20260411_104415_ardupilot_attitude_sweep_yaw_r1,1.1750004255318378,1.179628156684544,0.00471087749740267
5780,ardupilot,GUIDED_NOGPS,20260411_104415_ardupilot_attitude_sweep_yaw_r1,1.1750004255318378,1.1796227078730537,0.004705590673380832
5781,ardupilot,GUIDED_NOGPS,20260411_104415_ardupilot_attitude_sweep_yaw_r1,1.1750004255318378,1.1796175422213815,0.004700578975419051
5782,ardupilot,GUIDED_NOGPS,20260411_104415_ardupilot_attitude_sweep_yaw_r1,1.1750004255318378,1.179612631388436,0.004695814849659013
5783,ardupilot,GUIDED_NOGPS,20260411_104415_ardupilot_attitude_sweep_yaw_r1,1.1750004255318378,1.179176986750604,0.004268676834128571
5784,ardupilot,GUIDED_NOGPS,20260411_104415_ardupilot_attitude_sweep_yaw_r1,1.1750004255318378,1.178312072255721,0.003426930315299915
5785,ardupilot,GUIDED_NOGPS,20260411_104415_ardupilot_attitude_sweep_yaw_r1,1.1750004255318378,1.1774709813322768,0.0026226889121780776
5786,ardupilot,GUIDED_NOGPS,20260411_104415_ardupilot_attitude_sweep_yaw_r1,1.1750004255318378,1.1772425706020344,0.002408393781126064
5787,ardupilot,GUIDED_NOGPS,20260411_104415_ardupilot_attitude_sweep_yaw_r1,1.1750004255318378,1.1773612968768088,0.002518995490340231
5788,ardupilot,GUIDED_NOGPS,20260411_104415_ardupilot_attitude_sweep_yaw_r1,1.1750004255318378,1.1775337829135049,0.0026811385276868534
5789,ardupilot,GUIDED_NOGPS,20260411_104415_ardupilot_attitude_sweep_yaw_r1,1.1750004255318378,1.1777408797423017,0.0028774182143761046
5790,ardupilot,GUIDED_NOGPS,20260411_104415_ardupilot_attitude_sweep_yaw_r1,1.1750004255318378,1.1781019490914986,0.0032230763387913
5791,ardupilot,GUIDED_NOGPS,20260411_104415_ardupilot_attitude_sweep_yaw_r1,1.1750004255318378,1.1782457266311375,0.00336148929691748
5792,ardupilot,GUIDED_NOGPS,20260411_104415_ardupilot_attitude_sweep_yaw_r1,1.1750004255318378,1.1775364305306533,0.0026826781232619653
5793,ardupilot,GUIDED_NOGPS,20260411_104415_ardupilot_attitude_sweep_yaw_r1,1.1750004255318378,1.1744633461736231,0.0010230219544574836
5794,ardupilot,GUIDED_NOGPS,20260411_104415_ardupilot_attitude_sweep_yaw_r1,1.1750004255318378,1.1719392710396874,0.003181434982908528
5795,ardupilot,GUIDED_NOGPS,20260411_104415_ardupilot_attitude_sweep_yaw_r1,1.1750004255318378,1.1719267876145478,0.0031922498150385396
5796,ardupilot,GUIDED_NOGPS,20260411_104415_ardupilot_attitude_sweep_yaw_r1,1.1750004255318378,1.1743566918924448,0.0010749233136838514
5797,ardupilot,GUIDED_NOGPS,20260411_104415_ardupilot_attitude_sweep_yaw_r1,1.1750004255318378,1.1771914857776293,0.002354125654168764
5798,ardupilot,GUIDED_NOGPS,20260411_104415_ardupilot_attitude_sweep_yaw_r1,1.1750004255318378,1.1796671072239706,0.004745665540868499
5799,ardupilot,GUIDED_NOGPS,20260411_104415_ardupilot_attitude_sweep_yaw_r1,1.1750004255318378,1.1813468307701565,0.006404818292239606
5800,ardupilot,GUIDED_NOGPS,20260411_104415_ardupilot_attitude_sweep_yaw_r1,1.1750004255318378,1.182283759027723,0.007334456961393064
5801,ardupilot,GUIDED_NOGPS,20260411_104415_ardupilot_attitude_sweep_yaw_r1,1.1750004255318378,1.1825016235655006,0.00755086531634396
5802,ardupilot,GUIDED_NOGPS,20260411_104415_ardupilot_attitude_sweep_yaw_r1,1.1750004255318378,1.182862332818127,0.00790944268675036
5803,ardupilot,GUIDED_NOGPS,20260411_104415_ardupilot_attitude_sweep_yaw_r1,1.1750004255318378,1.1824653549860265,0.007514979206097282
5804,ardupilot,GUIDED_NOGPS,20260411_104415_ardupilot_attitude_sweep_yaw_r1,1.1750004255318378,1.1818800469583501,0.006933883162351195
5805,ardupilot,GUIDED_NOGPS,20260411_104415_ardupilot_attitude_sweep_yaw_r1,1.1750004255318378,1.181104544893388,0.006165092912102906
5806,ardupilot,GUIDED_NOGPS,20260411_104415_ardupilot_attitude_sweep_yaw_r1,1.1750004255318378,1.1809207734342324,0.00598308083102483
5807,ardupilot,GUIDED_NOGPS,20260411_104415_ardupilot_attitude_sweep_yaw_r1,1.1750004255318378,1.1809890630632562,0.006050661184751088
5808,ardupilot,GUIDED_NOGPS,20260411_104415_ardupilot_attitude_sweep_yaw_r1,1.1750004255318378,1.181006292977579,0.006067625276523855
5809,ardupilot,GUIDED_NOGPS,20260411_104415_ardupilot_attitude_sweep_yaw_r1,1.1750004255318378,1.181018022747782,0.006079229622187756
5810,ardupilot,GUIDED_NOGPS,20260411_104415_ardupilot_attitude_sweep_yaw_r1,1.1750004255318378,1.180934949680516,0.005996891540755736
5811,ardupilot,GUIDED_NOGPS,20260411_104415_ardupilot_attitude_sweep_yaw_r1,1.1750004255318378,1.1810912267926696,0.006151590119644696
5812,ardupilot,GUIDED_NOGPS,20260411_104415_ardupilot_attitude_sweep_yaw_r1,1.1750004255318378,1.181018090178753,0.006079062942760018
5813,ardupilot,GUIDED_NOGPS,20260411_104415_ardupilot_attitude_sweep_yaw_r1,1.1750004255318378,1.1811194034444665,0.006179381672653626
5814,ardupilot,GUIDED_NOGPS,20260411_104415_ardupilot_attitude_sweep_yaw_r1,1.1750004255318378,1.1809488730046842,0.0060104178931294685
5815,ardupilot,GUIDED_NOGPS,20260411_104415_ardupilot_attitude_sweep_yaw_r1,1.1750004255318378,1.1810505348663096,0.006111045370025293
5816,ardupilot,GUIDED_NOGPS,20260411_104415_ardupilot_attitude_sweep_yaw_r1,1.1750004255318378,1.1808795356989807,0.00594164339161941
5817,ardupilot,GUIDED_NOGPS,20260411_104415_ardupilot_attitude_sweep_yaw_r1,1.1750004255318378,1.1808372175075064,0.005899741207642594
5818,ardupilot,GUIDED_NOGPS,20260411_104415_ardupilot_attitude_sweep_yaw_r1,1.1750004255318378,1.1808155385870436,0.005878157289218632
5819,ardupilot,GUIDED_NOGPS,20260411_104415_ardupilot_attitude_sweep_yaw_r1,1.1750004255318378,1.1808308276911943,0.005893236255618937
5820,ardupilot,GUIDED_NOGPS,20260411_104415_ardupilot_attitude_sweep_yaw_r1,1.1750004255318378,1.1807127151673475,0.005776272759707161
5821,ardupilot,GUIDED_NOGPS,20260411_104415_ardupilot_attitude_sweep_yaw_r1,1.1750004255318378,1.1804829050390204,0.005549008971469962
5822,ardupilot,GUIDED_NOGPS,20260411_104415_ardupilot_attitude_sweep_yaw_r1,1.1750004255318378,1.1804158030460494,0.005482561139936354
5823,ardupilot,GUIDED_NOGPS,20260411_104415_ardupilot_attitude_sweep_yaw_r1,1.1750004255318378,1.1804869216181608,0.00555274803809263
5824,ardupilot,GUIDED_NOGPS,20260411_104415_ardupilot_attitude_sweep_yaw_r1,1.1750004255318378,1.1803862969222334,0.005453186520976722
5825,ardupilot,GUIDED_NOGPS,20260411_104415_ardupilot_attitude_sweep_yaw_r1,1.1750004255318378,1.180399384607863,0.005466054879323137
5826,ardupilot,GUIDED_NOGPS,20260411_104415_ardupilot_attitude_sweep_yaw_r1,1.1750004255318378,1.1804037940031542,0.005470299313616677
5827,ardupilot,GUIDED_NOGPS,20260411_104415_ardupilot_attitude_sweep_yaw_r1,1.1750004255318378,1.1803604895309705,0.005427419139889527
5828,ardupilot,GUIDED_NOGPS,20260411_104415_ardupilot_attitude_sweep_yaw_r1,1.1750004255318378,1.1801705986574165,0.005239853228619737
5829,ardupilot,GUIDED_NOGPS,20260411_104415_ardupilot_attitude_sweep_yaw_r1,1.1750004255318378,1.1800212854998104,0.005092390623776961
5830,ardupilot,GUIDED_NOGPS,20260411_104415_ardupilot_attitude_sweep_yaw_r1,1.1750004255318378,1.1800446654866636,0.005115382612004701
5831,ardupilot,GUIDED_NOGPS,20260411_104415_ardupilot_attitude_sweep_yaw_r1,1.1750004255318378,1.1801402309659095,0.005209518163790373
5832,ardupilot,GUIDED_NOGPS,20260411_104415_ardupilot_attitude_sweep_yaw_r1,1.1750004255318378,1.1801603349052652,0.0052293019873569935
5833,ardupilot,GUIDED_NOGPS,20260411_104415_ardupilot_attitude_sweep_yaw_r1,1.1750004255318378,1.1800529794963304,0.005123280966605565
5834,ardupilot,GUIDED_NOGPS,20260411_104415_ardupilot_attitude_sweep_yaw_r1,1.1750004255318378,1.1799730193550004,0.005044393950670916
5835,ardupilot,GUIDED_NOGPS,20260411_104415_ardupilot_attitude_sweep_yaw_r1,1.1750004255318378,1.1799288318929477,0.005000726978146928
5836,ardupilot,GUIDED_NOGPS,20260411_104415_ardupilot_attitude_sweep_yaw_r1,1.1750004255318378,1.1799467758644329,0.005018407337411742
5837,ardupilot,GUIDED_NOGPS,20260411_104415_ardupilot_attitude_sweep_yaw_r1,1.1750004255318378,1.1798931937838106,0.004965509214902007
5838,ardupilot,GUIDED_NOGPS,20260411_104415_ardupilot_attitude_sweep_yaw_r1,1.1750004255318378,1.1797648294484782,0.004839065804315067
5839,ardupilot,GUIDED_NOGPS,20260411_104415_ardupilot_attitude_sweep_yaw_r1,1.1750004255318378,1.1797068611980654,0.004781931351064647
5840,ardupilot,GUIDED_NOGPS,20260411_104415_ardupilot_attitude_sweep_yaw_r1,1.1750004255318378,1.1797745976692644,0.004848638171905618
5841,ardupilot,GUIDED_NOGPS,20260411_104415_ardupilot_attitude_sweep_yaw_r1,1.1750004255318378,1.1798148447524641,0.004888251952723677
5842,ardupilot,GUIDED_NOGPS,20260411_104415_ardupilot_attitude_sweep_yaw_r1,1.1750004255318378,1.1798249642524163,0.004898297174826212
5843,ardupilot,GUIDED_NOGPS,20260411_104415_ardupilot_attitude_sweep_yaw_r1,1.1750004255318378,1.179768377822793,0.0048425668944498765
5844,ardupilot,GUIDED_NOGPS,20260411_104415_ardupilot_attitude_sweep_yaw_r1,1.1750004255318378,1.1797886051833117,0.004862534747600391
5845,ardupilot,GUIDED_NOGPS,20260411_104415_ardupilot_attitude_sweep_yaw_r1,1.1750004255318378,1.1797240326986087,0.0047990341520887676
5846,ardupilot,GUIDED_NOGPS,20260411_104415_ardupilot_attitude_sweep_yaw_r1,1.1750004255318378,1.1797410636327095,0.004815878696514063
5847,ardupilot,GUIDED_NOGPS,20260411_104415_ardupilot_attitude_sweep_yaw_r1,1.1750004255318378,1.1795415794396555,0.004619787434528748
5848,ardupilot,GUIDED_NOGPS,20260411_104415_ardupilot_attitude_sweep_yaw_r1,1.1750004255318378,1.1795318121122451,0.004610297664221215
5849,ardupilot,GUIDED_NOGPS,20260411_104415_ardupilot_attitude_sweep_yaw_r1,1.1750004255318378,1.1795415885681937,0.00461998021403947
5850,ardupilot,GUIDED_NOGPS,20260411_104415_ardupilot_attitude_sweep_yaw_r1,1.1750004255318378,1.1795696558907076,0.004647745273530872
5851,ardupilot,GUIDED_NOGPS,20260411_104415_ardupilot_attitude_sweep_yaw_r1,1.1750004255318378,1.1795788432381027,0.00465693411373364
5852,ardupilot,GUIDED_NOGPS,20260411_104415_ardupilot_attitude_sweep_yaw_r1,1.1750004255318378,1.1795083108072346,0.004587790658936891
5853,ardupilot,GUIDED_NOGPS,20260411_104415_ardupilot_attitude_sweep_yaw_r1,1.1750004255318378,1.1795166885691926,0.004596208196276511
5854,ardupilot,GUIDED_NOGPS,20260411_104415_ardupilot_attitude_sweep_yaw_r1,1.1750004255318378,1.1794608437079377,0.004541495573032969
5855,ardupilot,GUIDED_NOGPS,20260411_104415_ardupilot_attitude_sweep_yaw_r1,1.1750004255318378,1.1794569140113493,0.00453796575242666
5856,ardupilot,GUIDED_NOGPS,20260411_104415_ardupilot_attitude_sweep_yaw_r1,1.1750004255318378,1.1794277282183163,0.004509332681978452
5857,ardupilot,GUIDED_NOGPS,20260411_104415_ardupilot_attitude_sweep_yaw_r1,1.1750004255318378,1.1794353760943683,0.004517121636564993
5858,ardupilot,GUIDED_NOGPS,20260411_104415_ardupilot_attitude_sweep_yaw_r1,1.1750004255318378,1.1793558149611492,0.004439266631160546
5859,ardupilot,GUIDED_NOGPS,20260411_104415_ardupilot_attitude_sweep_yaw_r1,1.1750004255318378,1.1793602179680949,0.004443825686976114
5860,ardupilot,GUIDED_NOGPS,20260411_104415_ardupilot_attitude_sweep_yaw_r1,1.1750004255318378,1.1793300551947006,0.004414327994511236
5861,ardupilot,GUIDED_NOGPS,20260411_104415_ardupilot_attitude_sweep_yaw_r1,1.1750004255318378,1.1793374295589063,0.004421852593019334
5862,ardupilot,GUIDED_NOGPS,20260411_104415_ardupilot_attitude_sweep_yaw_r1,1.1750004255318378,1.179132464796575,0.00422115938124472
5863,ardupilot,GUIDED_NOGPS,20260411_104415_ardupilot_attitude_sweep_yaw_r1,1.1750004255318378,1.1791618000265705,0.004250149917986468
5864,ardupilot,GUIDED_NOGPS,20260411_104415_ardupilot_attitude_sweep_yaw_r1,1.1750004255318378,1.179212061102872,0.0042993842617825885
5865,ardupilot,GUIDED_NOGPS,20260411_104415_ardupilot_attitude_sweep_yaw_r1,1.1750004255318378,1.1793116537446917,0.004397258716815461
5866,ardupilot,GUIDED_NOGPS,20260411_104415_ardupilot_attitude_sweep_yaw_r1,1.1750004255318378,1.1792618500815935,0.004348674800760331
5867,ardupilot,GUIDED_NOGPS,20260411_104415_ardupilot_attitude_sweep_yaw_r1,1.1750004255318378,1.179236194037681,0.00432357489625444
5868,ardupilot,GUIDED_NOGPS,20260411_104415_ardupilot_attitude_sweep_yaw_r1,1.1750004255318378,1.1794055537162689,0.004487866065128081
5869,ardupilot,GUIDED_NOGPS,20260411_104415_ardupilot_attitude_sweep_yaw_r1,1.1750004255318378,1.179392800256085,0.004475155448319272
5870,ardupilot,GUIDED_NOGPS,20260411_104415_ardupilot_attitude_sweep_yaw_r1,1.1750004255318378,1.1794193435762483,0.0045012677267033075
5871,ardupilot,GUIDED_NOGPS,20260411_104415_ardupilot_attitude_sweep_yaw_r1,1.1750004255318378,1.1794097117762212,0.0044916731320466035
5872,ardupilot,GUIDED_NOGPS,20260411_104415_ardupilot_attitude_sweep_yaw_r1,1.1750004255318378,1.1794229240266918,0.00450475977674518
5873,ardupilot,GUIDED_NOGPS,20260411_104415_ardupilot_attitude_sweep_yaw_r1,1.1750004255318378,1.1794101705674906,0.004492047902811251
5874,ardupilot,GUIDED_NOGPS,20260411_104415_ardupilot_attitude_sweep_yaw_r1,1.1750004255318378,1.1794363477471959,0.004517803015562566
5875,ardupilot,GUIDED_NOGPS,20260411_104415_ardupilot_attitude_sweep_yaw_r1,1.1750004255318378,1.17942734582922,0.004508826414383545
5876,ardupilot,GUIDED_NOGPS,20260411_104415_ardupilot_attitude_sweep_yaw_r1,1.1750004255318378,1.179441046266289,0.004522396891480042
5877,ardupilot,GUIDED_NOGPS,20260411_104415_ardupilot_attitude_sweep_yaw_r1,1.1750004255318378,1.1794301824517917,0.004511540562476373
5878,ardupilot,GUIDED_NOGPS,20260411_104415_ardupilot_attitude_sweep_yaw_r1,1.1750004255318378,1.1794567257719069,0.004537662117097535
5879,ardupilot,GUIDED_NOGPS,20260411_104415_ardupilot_attitude_sweep_yaw_r1,1.1750004255318378,1.1794322393989478,0.004513537964622591
5880,ardupilot,GUIDED_NOGPS,20260411_104415_ardupilot_attitude_sweep_yaw_r1,1.1750004255318378,1.179456554682336,0.004537418870642786
5881,ardupilot,GUIDED_NOGPS,20260411_104415_ardupilot_attitude_sweep_yaw_r1,1.1750004255318378,1.1793979479785843,0.004479880561644704
5882,ardupilot,GUIDED_NOGPS,20260411_104415_ardupilot_attitude_sweep_yaw_r1,1.1750004255318378,1.1794226294025536,0.004504116397561851
5883,ardupilot,GUIDED_NOGPS,20260411_104415_ardupilot_attitude_sweep_yaw_r1,1.1750004255318378,1.179365912342495,0.004448450146975689
5884,ardupilot,GUIDED_NOGPS,20260411_104415_ardupilot_attitude_sweep_yaw_r1,1.1750004255318378,1.1794249778381183,0.00450634837802231
5885,ardupilot,GUIDED_NOGPS,20260411_104415_ardupilot_attitude_sweep_yaw_r1,1.1750004255318378,1.1793663711343687,0.00444882420260047
5886,ardupilot,GUIDED_NOGPS,20260411_104415_ardupilot_attitude_sweep_yaw_r1,1.1750004255318378,1.1793908084657962,0.004472813109129734
5887,ardupilot,GUIDED_NOGPS,20260411_104415_ardupilot_attitude_sweep_yaw_r1,1.1750004255318378,1.179310691546799,0.004394357488159052
5888,ardupilot,GUIDED_NOGPS,20260411_104415_ardupilot_attitude_sweep_yaw_r1,1.1750004255318378,1.179310691546799,0.004394357488159052
5889,ardupilot,GUIDED_NOGPS,20260411_104415_ardupilot_attitude_sweep_yaw_r1,1.1750004255318378,1.1792639314838405,0.004348527605603496
5890,ardupilot,GUIDED_NOGPS,20260411_104415_ardupilot_attitude_sweep_yaw_r1,1.1750004255318378,1.1790616963434732,0.004150355078492699
5891,ardupilot,GUIDED_NOGPS,20260411_104415_ardupilot_attitude_sweep_yaw_r1,1.1750004255318378,1.1790730466966388,0.004161532164299651
5892,ardupilot,GUIDED_NOGPS,20260411_104415_ardupilot_attitude_sweep_yaw_r1,1.1750004255318378,1.17903022049504,0.004119647229372352
5893,ardupilot,GUIDED_NOGPS,20260411_104415_ardupilot_attitude_sweep_yaw_r1,1.1750004255318378,1.179141183376361,0.004228344389689662
5894,ardupilot,GUIDED_NOGPS,20260411_104415_ardupilot_attitude_sweep_yaw_r1,1.1750004255318378,1.179082604420558,0.004170946838081927
5895,ardupilot,GUIDED_NOGPS,20260411_104415_ardupilot_attitude_sweep_yaw_r1,1.1750004255318378,1.1790606691243286,0.004149650823834092
5896,ardupilot,GUIDED_NOGPS,20260411_104415_ardupilot_attitude_sweep_yaw_r1,1.1750004255318378,1.178989125239447,0.0040796929430193685
5897,ardupilot,GUIDED_NOGPS,20260411_104415_ardupilot_attitude_sweep_yaw_r1,1.1750004255318378,1.1789982475549226,0.004088623898578941
5898,ardupilot,GUIDED_NOGPS,20260411_104415_ardupilot_attitude_sweep_yaw_r1,1.1750004255318378,1.1788973598122332,0.003990069564052021
5899,ardupilot,GUIDED_NOGPS,20260411_104415_ardupilot_attitude_sweep_yaw_r1,1.1750004255318378,1.1788968436611815,0.003989715266141767
5900,ardupilot,GUIDED_NOGPS,20260411_104415_ardupilot_attitude_sweep_yaw_r1,1.1750004255318378,1.1788035422370486,0.0038986331000694153
5901,ardupilot,GUIDED_NOGPS,20260411_104415_ardupilot_attitude_sweep_yaw_r1,1.1750004255318378,1.1788019276660942,0.0038972045495404275
5902,ardupilot,GUIDED_NOGPS,20260411_104415_ardupilot_attitude_sweep_yaw_r1,1.1750004255318378,1.1787358178798488,0.0038326259669854198
5903,ardupilot,GUIDED_NOGPS,20260411_104415_ardupilot_attitude_sweep_yaw_r1,1.1750004255318378,1.1787342033096628,0.0038312017073021437
5904,ardupilot,GUIDED_NOGPS,20260411_104415_ardupilot_attitude_sweep_yaw_r1,1.1750004255318378,1.1786260473155732,0.0037259330806210136
5905,ardupilot,GUIDED_NOGPS,20260411_104415_ardupilot_attitude_sweep_yaw_r1,1.1750004255318378,1.178637000334515,0.0037366176359707394
5906,ardupilot,GUIDED_NOGPS,20260411_104415_ardupilot_attitude_sweep_yaw_r1,1.1750004255318378,1.1785654564545012,0.003667046850333617
5907,ardupilot,GUIDED_NOGPS,20260411_104415_ardupilot_attitude_sweep_yaw_r1,1.1750004255318378,1.1785623461281414,0.003664118558329605
5908,ardupilot,GUIDED_NOGPS,20260411_104415_ardupilot_attitude_sweep_yaw_r1,1.1750004255318378,1.1784813817714663,0.0035854109334002657
5909,ardupilot,GUIDED_NOGPS,20260411_104415_ardupilot_attitude_sweep_yaw_r1,1.1750004255318378,1.178443521235362,0.003548870205320255
5910,ardupilot,GUIDED_NOGPS,20260411_104415_ardupilot_attitude_sweep_yaw_r1,1.1750004255318378,1.1783811907324133,0.0034883014466695296
5911,ardupilot,GUIDED_NOGPS,20260411_104415_ardupilot_attitude_sweep_yaw_r1,1.1750004255318378,1.1783669773914378,0.0034747803243705463
5912,ardupilot,GUIDED_NOGPS,20260411_104415_ardupilot_attitude_sweep_yaw_r1,1.1750004255318378,1.1783021467975432,0.0034119826922702746
5913,ardupilot,GUIDED_NOGPS,20260411_104415_ardupilot_attitude_sweep_yaw_r1,1.1750004255318378,1.1782873199765875,0.003397651515181395
5914,ardupilot,GUIDED_NOGPS,20260411_104415_ardupilot_attitude_sweep_yaw_r1,1.1750004255318378,1.1783673972445556,0.00347525956723154
5915,ardupilot,GUIDED_NOGPS,20260411_104415_ardupilot_attitude_sweep_yaw_r1,1.1750004255318378,1.1782889524152542,0.003399263362703406
5916,ardupilot,GUIDED_NOGPS,20260411_104415_ardupilot_attitude_sweep_yaw_r1,1.1750004255318378,1.1782641763166022,0.003375317841876851
5917,ardupilot,GUIDED_NOGPS,20260411_104415_ardupilot_attitude_sweep_yaw_r1,1.1750004255318378,1.178089268365781,0.003206419706977544
5918,ardupilot,GUIDED_NOGPS,20260411_104415_ardupilot_attitude_sweep_yaw_r1,1.1750004255318378,1.178098756824684,0.003215579501262603
5919,ardupilot,GUIDED_NOGPS,20260411_104415_ardupilot_attitude_sweep_yaw_r1,1.1750004255318378,1.1780265830687164,0.0031461228362056745
5920,ardupilot,GUIDED_NOGPS,20260411_104415_ardupilot_attitude_sweep_yaw_r1,1.1750004255318378,1.1780238388925508,0.0031436012538167725
5921,ardupilot,GUIDED_NOGPS,20260411_104415_ardupilot_attitude_sweep_yaw_r1,1.1750004255318378,1.177950433119128,0.0030730175722413875
6306,ardupilot,GUIDED_NOGPS,20260411_104558_ardupilot_attitude_random_yaw_r1,1.1745003192847587,1.1740267784785274,0.0006525686404708311
6307,ardupilot,GUIDED_NOGPS,20260411_104558_ardupilot_attitude_random_yaw_r1,1.1745003192847587,1.1740267784785274,0.0006525686404708311
6308,ardupilot,GUIDED_NOGPS,20260411_104558_ardupilot_attitude_random_yaw_r1,1.1745003192847587,1.1740267784785274,0.0006525686404708311
6309,ardupilot,GUIDED_NOGPS,20260411_104558_ardupilot_attitude_random_yaw_r1,1.1745003192847587,1.1740267784785274,0.0006525686404708311
6310,ardupilot,GUIDED_NOGPS,20260411_104558_ardupilot_attitude_random_yaw_r1,1.1745003192847587,1.1740267784785274,0.0006525686404708311
6311,ardupilot,GUIDED_NOGPS,20260411_104558_ardupilot_attitude_random_yaw_r1,1.1745003192847587,1.1740267784785274,0.0006525686404708311
6312,ardupilot,GUIDED_NOGPS,20260411_104558_ardupilot_attitude_random_yaw_r1,1.1745003192847587,1.1740267784785274,0.0006525686404708311
6313,ardupilot,GUIDED_NOGPS,20260411_104558_ardupilot_attitude_random_yaw_r1,1.1745003192847587,1.1740267784785274,0.0006525686404708311
6314,ardupilot,GUIDED_NOGPS,20260411_104558_ardupilot_attitude_random_yaw_r1,1.1745003192847587,1.1738831224708735,0.0007633857683959412
6315,ardupilot,GUIDED_NOGPS,20260411_104558_ardupilot_attitude_random_yaw_r1,1.1745003192847587,1.1738831224708735,0.0007633857683959412
6316,ardupilot,GUIDED_NOGPS,20260411_104558_ardupilot_attitude_random_yaw_r1,1.1745003192847587,1.1739392942448947,0.0007187513980035278
6317,ardupilot,GUIDED_NOGPS,20260411_104558_ardupilot_attitude_random_yaw_r1,1.1745003192847587,1.174038906543172,0.0006438611695333828
6318,ardupilot,GUIDED_NOGPS,20260411_104558_ardupilot_attitude_random_yaw_r1,1.1745003192847587,1.174038906543172,0.0006438611695333828
6319,ardupilot,GUIDED_NOGPS,20260411_104558_ardupilot_attitude_random_yaw_r1,1.1745003192847587,1.174038906543172,0.0006438611695333828
6320,ardupilot,GUIDED_NOGPS,20260411_104558_ardupilot_attitude_random_yaw_r1,1.1745003192847587,1.174038906543172,0.0006438611695333828
6321,ardupilot,GUIDED_NOGPS,20260411_104558_ardupilot_attitude_random_yaw_r1,1.1745003192847587,1.174038906543172,0.0006438611695333828
6322,ardupilot,GUIDED_NOGPS,20260411_104558_ardupilot_attitude_random_yaw_r1,1.1745003192847587,1.174038906543172,0.0006438611695333828
6323,ardupilot,GUIDED_NOGPS,20260411_104558_ardupilot_attitude_random_yaw_r1,1.1745003192847587,1.174038906543172,0.0006438611695333828
6324,ardupilot,GUIDED_NOGPS,20260411_104558_ardupilot_attitude_random_yaw_r1,1.1745003192847587,1.174038906543172,0.0006438611695333828
6325,ardupilot,GUIDED_NOGPS,20260411_104558_ardupilot_attitude_random_yaw_r1,1.1745003192847587,1.1742547122515603,0.0005213806729843839
6326,ardupilot,GUIDED_NOGPS,20260411_104558_ardupilot_attitude_random_yaw_r1,1.1745003192847587,1.174111056244617,0.0006027133247846924
6327,ardupilot,GUIDED_NOGPS,20260411_104558_ardupilot_attitude_random_yaw_r1,1.1745003192847587,1.174111056244617,0.0006027133247846924
6328,ardupilot,GUIDED_NOGPS,20260411_104558_ardupilot_attitude_random_yaw_r1,1.1745003192847587,1.1741672280203848,0.0005680845733939791
6329,ardupilot,GUIDED_NOGPS,20260411_104558_ardupilot_attitude_random_yaw_r1,1.1745003192847587,1.1742668403208683,0.0005158380636540874
6330,ardupilot,GUIDED_NOGPS,20260411_104558_ardupilot_attitude_random_yaw_r1,1.1745003192847587,1.1742668403208683,0.0005158380636540874
6331,ardupilot,GUIDED_NOGPS,20260411_104558_ardupilot_attitude_random_yaw_r1,1.1745003192847587,1.173717480626985,0.0008947874223293636
6332,ardupilot,GUIDED_NOGPS,20260411_104558_ardupilot_attitude_random_yaw_r1,1.1745003192847587,1.173717480626985,0.0008947874223293636
6333,ardupilot,GUIDED_NOGPS,20260411_104558_ardupilot_attitude_random_yaw_r1,1.1745003192847587,1.174063859147712,0.0006140754080019012
6334,ardupilot,GUIDED_NOGPS,20260411_104558_ardupilot_attitude_random_yaw_r1,1.1745003192847587,1.174063859147712,0.0006140754080019012
6335,ardupilot,GUIDED_NOGPS,20260411_104558_ardupilot_attitude_random_yaw_r1,1.1745003192847587,1.174063859147712,0.0006140754080019012
6336,ardupilot,GUIDED_NOGPS,20260411_104558_ardupilot_attitude_random_yaw_r1,1.1745003192847587,1.174065182529817,0.0006146742638610928
6337,ardupilot,GUIDED_NOGPS,20260411_104558_ardupilot_attitude_random_yaw_r1,1.1745003192847587,1.1743019604196467,0.00048690796051578265
6338,ardupilot,GUIDED_NOGPS,20260411_104558_ardupilot_attitude_random_yaw_r1,1.1745003192847587,1.1743581321915788,0.00046687678510063996
6339,ardupilot,GUIDED_NOGPS,20260411_104558_ardupilot_attitude_random_yaw_r1,1.1745003192847587,1.1744577444854525,0.00044649752867916096
6340,ardupilot,GUIDED_NOGPS,20260411_104558_ardupilot_attitude_random_yaw_r1,1.1745003192847587,1.1744577444854525,0.00044649752867916096
6341,ardupilot,GUIDED_NOGPS,20260411_104558_ardupilot_attitude_random_yaw_r1,1.1745003192847587,1.1744577444854525,0.00044649752867916096
6342,ardupilot,GUIDED_NOGPS,20260411_104558_ardupilot_attitude_random_yaw_r1,1.1745003192847587,1.1744577444854525,0.00044649752867916096
6343,ardupilot,GUIDED_NOGPS,20260411_104558_ardupilot_attitude_random_yaw_r1,1.1745003192847587,1.174292629739061,0.0004838753843776794
6344,ardupilot,GUIDED_NOGPS,20260411_104558_ardupilot_attitude_random_yaw_r1,1.1745003192847587,1.174292629739061,0.0004838753843776794
6345,ardupilot,GUIDED_NOGPS,20260411_104558_ardupilot_attitude_random_yaw_r1,1.1745003192847587,1.174292629739061,0.0004838753843776794
6346,ardupilot,GUIDED_NOGPS,20260411_104558_ardupilot_attitude_random_yaw_r1,1.1745003192847587,1.174292629739061,0.0004838753843776794
6347,ardupilot,GUIDED_NOGPS,20260411_104558_ardupilot_attitude_random_yaw_r1,1.1745003192847587,1.174292629739061,0.0004838753843776794
6348,ardupilot,GUIDED_NOGPS,20260411_104558_ardupilot_attitude_random_yaw_r1,1.1745003192847587,1.1751155075981898,0.0007785198816963947
6349,ardupilot,GUIDED_NOGPS,20260411_104558_ardupilot_attitude_random_yaw_r1,1.1745003192847587,1.1751155075981898,0.0007785198816963947
6350,ardupilot,GUIDED_NOGPS,20260411_104558_ardupilot_attitude_random_yaw_r1,1.1745003192847587,1.1751155075981898,0.0007785198816963947
6351,ardupilot,GUIDED_NOGPS,20260411_104558_ardupilot_attitude_random_yaw_r1,1.1745003192847587,1.1751155075981898,0.0007785198816963947
6352,ardupilot,GUIDED_NOGPS,20260411_104558_ardupilot_attitude_random_yaw_r1,1.1745003192847587,1.1751155075981898,0.0007785198816963947
6353,ardupilot,GUIDED_NOGPS,20260411_104558_ardupilot_attitude_random_yaw_r1,1.1745003192847587,1.1751155075981898,0.0007785198816963947
6354,ardupilot,GUIDED_NOGPS,20260411_104558_ardupilot_attitude_random_yaw_r1,1.1745003192847587,1.174002951172054,0.0006541145880813825
6355,ardupilot,GUIDED_NOGPS,20260411_104558_ardupilot_attitude_random_yaw_r1,1.1745003192847587,1.173715639156379,0.0008925552385215606
6356,ardupilot,GUIDED_NOGPS,20260411_104558_ardupilot_attitude_random_yaw_r1,1.1745003192847587,1.1728550456002065,0.0016997438620836025
6357,ardupilot,GUIDED_NOGPS,20260411_104558_ardupilot_attitude_random_yaw_r1,1.1745003192847587,1.1719617970899956,0.002574469191932683
6358,ardupilot,GUIDED_NOGPS,20260411_104558_ardupilot_attitude_random_yaw_r1,1.1745003192847587,1.1716361162357751,0.0028962803643747164
6359,ardupilot,GUIDED_NOGPS,20260411_104558_ardupilot_attitude_random_yaw_r1,1.1745003192847587,1.171758127625922,0.0027757049575917324
6360,ardupilot,GUIDED_NOGPS,20260411_104558_ardupilot_attitude_random_yaw_r1,1.1745003192847587,1.1720204468727944,0.002517461166995381
6361,ardupilot,GUIDED_NOGPS,20260411_104558_ardupilot_attitude_random_yaw_r1,1.1745003192847587,1.172236871195997,0.0023045505399517455
6362,ardupilot,GUIDED_NOGPS,20260411_104558_ardupilot_attitude_random_yaw_r1,1.1745003192847587,1.172602321480003,0.0019466927614434852
6363,ardupilot,GUIDED_NOGPS,20260411_104558_ardupilot_attitude_random_yaw_r1,1.1745003192847587,1.1727512362064094,0.0018017977520402826
6364,ardupilot,GUIDED_NOGPS,20260411_104558_ardupilot_attitude_random_yaw_r1,1.1745003192847587,1.1724737626445936,0.0020723021908744927
6365,ardupilot,GUIDED_NOGPS,20260411_104558_ardupilot_attitude_random_yaw_r1,1.1745003192847587,1.1705553228903656,0.00397515998093877
6366,ardupilot,GUIDED_NOGPS,20260411_104558_ardupilot_attitude_random_yaw_r1,1.1745003192847587,1.1678625094729085,0.006656148050401986
6367,ardupilot,GUIDED_NOGPS,20260411_104558_ardupilot_attitude_random_yaw_r1,1.1745003192847587,1.1670632553061149,0.007453736046727156
6368,ardupilot,GUIDED_NOGPS,20260411_104558_ardupilot_attitude_random_yaw_r1,1.1745003192847587,1.1693910661026676,0.005133300086321727
6369,ardupilot,GUIDED_NOGPS,20260411_104558_ardupilot_attitude_random_yaw_r1,1.1745003192847587,1.1721050804811632,0.0024456507701837967
6370,ardupilot,GUIDED_NOGPS,20260411_104558_ardupilot_attitude_random_yaw_r1,1.1745003192847587,1.1751626601984801,0.0008235412977448266
6371,ardupilot,GUIDED_NOGPS,20260411_104558_ardupilot_attitude_random_yaw_r1,1.1745003192847587,1.1766334936902325,0.002181974023877544
6372,ardupilot,GUIDED_NOGPS,20260411_104558_ardupilot_attitude_random_yaw_r1,1.1745003192847587,1.1777809322589408,0.00331221409187272
6373,ardupilot,GUIDED_NOGPS,20260411_104558_ardupilot_attitude_random_yaw_r1,1.1745003192847587,1.1776204286908771,0.0031532193618238257
6374,ardupilot,GUIDED_NOGPS,20260411_104558_ardupilot_attitude_random_yaw_r1,1.1745003192847587,1.1772807560324916,0.002817592179001214
6375,ardupilot,GUIDED_NOGPS,20260411_104558_ardupilot_attitude_random_yaw_r1,1.1745003192847587,1.1767726025360639,0.00231758023201537
6376,ardupilot,GUIDED_NOGPS,20260411_104558_ardupilot_attitude_random_yaw_r1,1.1745003192847587,1.1763607231234738,0.0019156252260375838
6377,ardupilot,GUIDED_NOGPS,20260411_104558_ardupilot_attitude_random_yaw_r1,1.1745003192847587,1.1759382003144339,0.0015049407152076194
6378,ardupilot,GUIDED_NOGPS,20260411_104558_ardupilot_attitude_random_yaw_r1,1.1745003192847587,1.1758498567934248,0.0014208746514032292
6379,ardupilot,GUIDED_NOGPS,20260411_104558_ardupilot_attitude_random_yaw_r1,1.1745003192847587,1.1758531063137847,0.0014237053407022836
6380,ardupilot,GUIDED_NOGPS,20260411_104558_ardupilot_attitude_random_yaw_r1,1.1745003192847587,1.175759723754834,0.001335408527863829
6381,ardupilot,GUIDED_NOGPS,20260411_104558_ardupilot_attitude_random_yaw_r1,1.1745003192847587,1.175761752831991,0.0013370698364832624
6382,ardupilot,GUIDED_NOGPS,20260411_104558_ardupilot_attitude_random_yaw_r1,1.1745003192847587,1.1754532755706215,0.0010466428475457625
6383,ardupilot,GUIDED_NOGPS,20260411_104558_ardupilot_attitude_random_yaw_r1,1.1745003192847587,1.1755988386245422,0.0011803478765693815
6384,ardupilot,GUIDED_NOGPS,20260411_104558_ardupilot_attitude_random_yaw_r1,1.1745003192847587,1.1755136445076726,0.0011016310477643218
6385,ardupilot,GUIDED_NOGPS,20260411_104558_ardupilot_attitude_random_yaw_r1,1.1745003192847587,1.1756034019212283,0.0011843360812721748
6386,ardupilot,GUIDED_NOGPS,20260411_104558_ardupilot_attitude_random_yaw_r1,1.1745003192847587,1.1754192253827627,0.0010152460394610605
6387,ardupilot,GUIDED_NOGPS,20260411_104558_ardupilot_attitude_random_yaw_r1,1.1745003192847587,1.1755072741753052,0.0010952014705735266
6388,ardupilot,GUIDED_NOGPS,20260411_104558_ardupilot_attitude_random_yaw_r1,1.1745003192847587,1.1762615531255514,0.0018232975405820966
6389,ardupilot,GUIDED_NOGPS,20260411_104558_ardupilot_attitude_random_yaw_r1,1.1745003192847587,1.1760495972558993,0.001619511836521265
6390,ardupilot,GUIDED_NOGPS,20260411_104558_ardupilot_attitude_random_yaw_r1,1.1745003192847587,1.175816177591737,0.0013979936162278857
6391,ardupilot,GUIDED_NOGPS,20260411_104558_ardupilot_attitude_random_yaw_r1,1.1745003192847587,1.1758536862169977,0.0014332138165582579
6392,ardupilot,GUIDED_NOGPS,20260411_104558_ardupilot_attitude_random_yaw_r1,1.1745003192847587,1.1759522764765296,0.0015264081134759202
6393,ardupilot,GUIDED_NOGPS,20260411_104558_ardupilot_attitude_random_yaw_r1,1.1745003192847587,1.1758839766175684,0.0014615481130492937
6394,ardupilot,GUIDED_NOGPS,20260411_104558_ardupilot_attitude_random_yaw_r1,1.1745003192847587,1.1753196510221475,0.0009343731856706355
6395,ardupilot,GUIDED_NOGPS,20260411_104558_ardupilot_attitude_random_yaw_r1,1.1745003192847587,1.1751065478819194,0.0007547674794539189
6396,ardupilot,GUIDED_NOGPS,20260411_104558_ardupilot_attitude_random_yaw_r1,1.1745003192847587,1.1751055258467225,0.0007535817108195296
6397,ardupilot,GUIDED_NOGPS,20260411_104558_ardupilot_attitude_random_yaw_r1,1.1745003192847587,1.1749385164074937,0.0006277910961599971
6398,ardupilot,GUIDED_NOGPS,20260411_104558_ardupilot_attitude_random_yaw_r1,1.1745003192847587,1.1748940608871428,0.0005971499983951964
6399,ardupilot,GUIDED_NOGPS,20260411_104558_ardupilot_attitude_random_yaw_r1,1.1745003192847587,1.1748807855354886,0.0005886816537408775
6400,ardupilot,GUIDED_NOGPS,20260411_104558_ardupilot_attitude_random_yaw_r1,1.1745003192847587,1.1753880990251897,0.001007142973041528
6401,ardupilot,GUIDED_NOGPS,20260411_104558_ardupilot_attitude_random_yaw_r1,1.1745003192847587,1.1752714587869162,0.0009061311637228323
6402,ardupilot,GUIDED_NOGPS,20260411_104558_ardupilot_attitude_random_yaw_r1,1.1745003192847587,1.1751831965948953,0.0008321054568498772
6403,ardupilot,GUIDED_NOGPS,20260411_104558_ardupilot_attitude_random_yaw_r1,1.1745003192847587,1.1751208384980796,0.0007819262520167845
6404,ardupilot,GUIDED_NOGPS,20260411_104558_ardupilot_attitude_random_yaw_r1,1.1745003192847587,1.175274868270499,0.00090862816256085
6405,ardupilot,GUIDED_NOGPS,20260411_104558_ardupilot_attitude_random_yaw_r1,1.1745003192847587,1.175236189224179,0.0008766569730208504
6406,ardupilot,GUIDED_NOGPS,20260411_104558_ardupilot_attitude_random_yaw_r1,1.1745003192847587,1.1751913675603374,0.0008390547005609422
6407,ardupilot,GUIDED_NOGPS,20260411_104558_ardupilot_attitude_random_yaw_r1,1.1745003192847587,1.1750382154709698,0.0007184820946887447
6408,ardupilot,GUIDED_NOGPS,20260411_104558_ardupilot_attitude_random_yaw_r1,1.1745003192847587,1.1749060316226074,0.0006254472781575188
6409,ardupilot,GUIDED_NOGPS,20260411_104558_ardupilot_attitude_random_yaw_r1,1.1745003192847587,1.174858802921266,0.0005956911408267391
6410,ardupilot,GUIDED_NOGPS,20260411_104558_ardupilot_attitude_random_yaw_r1,1.1745003192847587,1.174914974702056,0.0006311267574195404
6411,ardupilot,GUIDED_NOGPS,20260411_104558_ardupilot_attitude_random_yaw_r1,1.1745003192847587,1.1739854199633233,0.0006679113744673607
6412,ardupilot,GUIDED_NOGPS,20260411_104558_ardupilot_attitude_random_yaw_r1,1.1745003192847587,1.1739372149201244,0.000705619912140165
6413,ardupilot,GUIDED_NOGPS,20260411_104558_ardupilot_attitude_random_yaw_r1,1.1745003192847587,1.1739485650505235,0.0006962498888121858
6414,ardupilot,GUIDED_NOGPS,20260411_104558_ardupilot_attitude_random_yaw_r1,1.1745003192847587,1.1739615309635194,0.000686739180681378
6415,ardupilot,GUIDED_NOGPS,20260411_104558_ardupilot_attitude_random_yaw_r1,1.1745003192847587,1.1739215686161153,0.0007178691984785279
6416,ardupilot,GUIDED_NOGPS,20260411_104558_ardupilot_attitude_random_yaw_r1,1.1745003192847587,1.1738629897978967,0.0007660560459006948
6417,ardupilot,GUIDED_NOGPS,20260411_104558_ardupilot_attitude_random_yaw_r1,1.1745003192847587,1.1737557772359373,0.0008543304033505051
6418,ardupilot,GUIDED_NOGPS,20260411_104558_ardupilot_attitude_random_yaw_r1,1.1745003192847587,1.1737082746944414,0.0008967406554538683
6419,ardupilot,GUIDED_NOGPS,20260411_104558_ardupilot_attitude_random_yaw_r1,1.1745003192847587,1.1735781961103846,0.0010129856643357838
6420,ardupilot,GUIDED_NOGPS,20260411_104558_ardupilot_attitude_random_yaw_r1,1.1745003192847587,1.1735170977732317,0.0010690343168123914
6421,ardupilot,GUIDED_NOGPS,20260411_104558_ardupilot_attitude_random_yaw_r1,1.1745003192847587,1.1735975855931633,0.0009957797532132687
6422,ardupilot,GUIDED_NOGPS,20260411_104558_ardupilot_attitude_random_yaw_r1,1.1745003192847587,1.1742700960019425,0.0005059094611911841
6423,ardupilot,GUIDED_NOGPS,20260411_104558_ardupilot_attitude_random_yaw_r1,1.1745003192847587,1.1742804697707236,0.0005008196064723066
6424,ardupilot,GUIDED_NOGPS,20260411_104558_ardupilot_attitude_random_yaw_r1,1.1745003192847587,1.174234856854813,0.0005236291480899353
6425,ardupilot,GUIDED_NOGPS,20260411_104558_ardupilot_attitude_random_yaw_r1,1.1745003192847587,1.1742480681664875,0.0005159574396925604
6426,ardupilot,GUIDED_NOGPS,20260411_104558_ardupilot_attitude_random_yaw_r1,1.1745003192847587,1.1742074942889924,0.0005380856536343352
6427,ardupilot,GUIDED_NOGPS,20260411_104558_ardupilot_attitude_random_yaw_r1,1.1745003192847587,1.1742334274144235,0.0005242688302433114
6428,ardupilot,GUIDED_NOGPS,20260411_104558_ardupilot_attitude_random_yaw_r1,1.1745003192847587,1.1736799495905827,0.0009234992106862805
6429,ardupilot,GUIDED_NOGPS,20260411_104558_ardupilot_attitude_random_yaw_r1,1.1745003192847587,1.173694776673105,0.0009105209300904368
6430,ardupilot,GUIDED_NOGPS,20260411_104558_ardupilot_attitude_random_yaw_r1,1.1745003192847587,1.173639318781857,0.0009597125677942874
6431,ardupilot,GUIDED_NOGPS,20260411_104558_ardupilot_attitude_random_yaw_r1,1.1745003192847587,1.1736341369811552,0.0009648715751730428
6432,ardupilot,GUIDED_NOGPS,20260411_104558_ardupilot_attitude_random_yaw_r1,1.1745003192847587,1.1735170243145707,0.0010712568313716597
6433,ardupilot,GUIDED_NOGPS,20260411_104558_ardupilot_attitude_random_yaw_r1,1.1745003192847587,1.173566601287737,0.0010261725053411267
6434,ardupilot,GUIDED_NOGPS,20260411_104558_ardupilot_attitude_random_yaw_r1,1.1745003192847587,1.1735240775782552,0.0010638686890965885
6435,ardupilot,GUIDED_NOGPS,20260411_104558_ardupilot_attitude_random_yaw_r1,1.1745003192847587,1.1736127983904485,0.0009833693782128903
6436,ardupilot,GUIDED_NOGPS,20260411_104558_ardupilot_attitude_random_yaw_r1,1.1745003192847587,1.17366112570712,0.0009394389956192964
6437,ardupilot,GUIDED_NOGPS,20260411_104558_ardupilot_attitude_random_yaw_r1,1.1745003192847587,1.1736167725669095,0.0009799068733363967
6438,ardupilot,GUIDED_NOGPS,20260411_104558_ardupilot_attitude_random_yaw_r1,1.1745003192847587,1.1736776996679827,0.0009253413448119063
6439,ardupilot,GUIDED_NOGPS,20260411_104558_ardupilot_attitude_random_yaw_r1,1.1745003192847587,1.174201370722191,0.000540441150303931
6440,ardupilot,GUIDED_NOGPS,20260411_104558_ardupilot_attitude_random_yaw_r1,1.1745003192847587,1.1742264190168126,0.0005274142146796882
6441,ardupilot,GUIDED_NOGPS,20260411_104558_ardupilot_attitude_random_yaw_r1,1.1745003192847587,1.174217417193671,0.000532895028508311
6442,ardupilot,GUIDED_NOGPS,20260411_104558_ardupilot_attitude_random_yaw_r1,1.1745003192847587,1.1742306285011794,0.0005249105841565865
6443,ardupilot,GUIDED_NOGPS,20260411_104558_ardupilot_attitude_random_yaw_r1,1.1745003192847587,1.1742159862142456,0.0005339518121274957
6444,ardupilot,GUIDED_NOGPS,20260411_104558_ardupilot_attitude_random_yaw_r1,1.1745003192847587,1.1742772794636196,0.0005040007253595516
6445,ardupilot,GUIDED_NOGPS,20260411_104558_ardupilot_attitude_random_yaw_r1,1.1745003192847587,1.174220561831446,0.0005311878977845219
6446,ardupilot,GUIDED_NOGPS,20260411_104558_ardupilot_attitude_random_yaw_r1,1.1745003192847587,1.1742796277629581,0.0005032628288802913
6447,ardupilot,GUIDED_NOGPS,20260411_104558_ardupilot_attitude_random_yaw_r1,1.1745003192847587,1.1742339863988316,0.0005254620832243202
6448,ardupilot,GUIDED_NOGPS,20260411_104558_ardupilot_attitude_random_yaw_r1,1.1745003192847587,1.174294669426768,0.0004975009198757972
6449,ardupilot,GUIDED_NOGPS,20260411_104558_ardupilot_attitude_random_yaw_r1,1.1745003192847587,1.174284417952569,0.0005011385413002144
6450,ardupilot,GUIDED_NOGPS,20260411_104558_ardupilot_attitude_random_yaw_r1,1.1745003192847587,1.1742973838593895,0.0004966703205192473
6451,ardupilot,GUIDED_NOGPS,20260411_104558_ardupilot_attitude_random_yaw_r1,1.1745003192847587,1.1742540083744608,0.000515028066571776
6452,ardupilot,GUIDED_NOGPS,20260411_104558_ardupilot_attitude_random_yaw_r1,1.1745003192847587,1.1742065058253335,0.0005405227633731984
6453,ardupilot,GUIDED_NOGPS,20260411_104558_ardupilot_attitude_random_yaw_r1,1.1745003192847587,1.1742674329420548,0.0005100021681297793
6454,ardupilot,GUIDED_NOGPS,20260411_104558_ardupilot_attitude_random_yaw_r1,1.1745003192847587,1.174206936031411,0.0005399851193014625
6455,ardupilot,GUIDED_NOGPS,20260411_104558_ardupilot_attitude_random_yaw_r1,1.1745003192847587,1.1741966242018302,0.000545897798280702
6456,ardupilot,GUIDED_NOGPS,20260411_104558_ardupilot_attitude_random_yaw_r1,1.1745003192847587,1.1741528724782244,0.0005719227599314862
6457,ardupilot,GUIDED_NOGPS,20260411_104558_ardupilot_attitude_random_yaw_r1,1.1745003192847587,1.174166449916681,0.0005627421045918051
6458,ardupilot,GUIDED_NOGPS,20260411_104558_ardupilot_attitude_random_yaw_r1,1.1745003192847587,1.174085457227295,0.0006151188074596671
6459,ardupilot,GUIDED_NOGPS,20260411_104558_ardupilot_attitude_random_yaw_r1,1.1745003192847587,1.1740986685324988,0.0006053371076069409
6460,ardupilot,GUIDED_NOGPS,20260411_104558_ardupilot_attitude_random_yaw_r1,1.1745003192847587,1.1740164160835773,0.0006635742474387402
6461,ardupilot,GUIDED_NOGPS,20260411_104558_ardupilot_attitude_random_yaw_r1,1.1745003192847587,1.1740293833002156,0.0006533056361843034
6462,ardupilot,GUIDED_NOGPS,20260411_104558_ardupilot_attitude_random_yaw_r1,1.1745003192847587,1.1738053644837207,0.0008302170487678941
6463,ardupilot,GUIDED_NOGPS,20260411_104558_ardupilot_attitude_random_yaw_r1,1.1745003192847587,1.1738195521422223,0.0008176460099264412
6464,ardupilot,GUIDED_NOGPS,20260411_104558_ardupilot_attitude_random_yaw_r1,1.1745003192847587,1.1737836549593068,0.0008478263313664856
6465,ardupilot,GUIDED_NOGPS,20260411_104558_ardupilot_attitude_random_yaw_r1,1.1745003192847587,1.1738613320141982,0.0007826566130592934
6466,ardupilot,GUIDED_NOGPS,20260411_104558_ardupilot_attitude_random_yaw_r1,1.1745003192847587,1.1737759301694872,0.000854438017284294
6467,ardupilot,GUIDED_NOGPS,20260411_104558_ardupilot_attitude_random_yaw_r1,1.1745003192847587,1.173789141474106,0.0008425831147006351
6468,ardupilot,GUIDED_NOGPS,20260411_104558_ardupilot_attitude_random_yaw_r1,1.1745003192847587,1.1736752882901695,0.0009402025743189104
6469,ardupilot,GUIDED_NOGPS,20260411_104558_ardupilot_attitude_random_yaw_r1,1.1745003192847587,1.17365002732593,0.0009624165499773279
6470,ardupilot,GUIDED_NOGPS,20260411_104558_ardupilot_attitude_random_yaw_r1,1.1745003192847587,1.1735684148655334,0.0010350125367661162
6471,ardupilot,GUIDED_NOGPS,20260411_104558_ardupilot_attitude_random_yaw_r1,1.1745003192847587,1.1735206990574838,0.0010776318766347948
6472,ardupilot,GUIDED_NOGPS,20260411_104558_ardupilot_attitude_random_yaw_r1,1.1745003192847587,1.173471975308673,0.0011222840011232606
6473,ardupilot,GUIDED_NOGPS,20260411_104558_ardupilot_attitude_random_yaw_r1,1.1745003192847587,1.173363791046991,0.0012218164761218333
6474,ardupilot,GUIDED_NOGPS,20260411_104558_ardupilot_attitude_random_yaw_r1,1.1745003192847587,1.173374744515395,0.0012116664335834752
6475,ardupilot,GUIDED_NOGPS,20260411_104558_ardupilot_attitude_random_yaw_r1,1.1745003192847587,1.1732665602511005,0.0013124361742173744
6476,ardupilot,GUIDED_NOGPS,20260411_104558_ardupilot_attitude_random_yaw_r1,1.1745003192847587,1.173263083282502,0.0013153907363963344
6477,ardupilot,GUIDED_NOGPS,20260411_104558_ardupilot_attitude_random_yaw_r1,1.1745003192847587,1.1731821188154392,0.0013918072233979474
6478,ardupilot,GUIDED_NOGPS,20260411_104558_ardupilot_attitude_random_yaw_r1,1.1745003192847587,1.1731919738852805,0.0013825229871475017
6479,ardupilot,GUIDED_NOGPS,20260411_104558_ardupilot_attitude_random_yaw_r1,1.1745003192847587,1.1731204291617623,0.0014501722042399837
6480,ardupilot,GUIDED_NOGPS,20260411_104558_ardupilot_attitude_random_yaw_r1,1.1745003192847587,1.1731169521951008,0.0014531982657988497
6481,ardupilot,GUIDED_NOGPS,20260411_104558_ardupilot_attitude_random_yaw_r1,1.1745003192847587,1.1730416566459656,0.0015250340144412396
6482,ardupilot,GUIDED_NOGPS,20260411_104558_ardupilot_attitude_random_yaw_r1,1.1745003192847587,1.1730402544373737,0.0015260775157333489
6483,ardupilot,GUIDED_NOGPS,20260411_104558_ardupilot_attitude_random_yaw_r1,1.1745003192847587,1.172966848528203,0.0015964335294022308
6484,ardupilot,GUIDED_NOGPS,20260411_104558_ardupilot_attitude_random_yaw_r1,1.1745003192847587,1.172963493608552,0.001599400047138298
6485,ardupilot,GUIDED_NOGPS,20260411_104558_ardupilot_attitude_random_yaw_r1,1.1745003192847587,1.1730230357572584,0.0015422056264245616
6486,ardupilot,GUIDED_NOGPS,20260411_104558_ardupilot_attitude_random_yaw_r1,1.1745003192847587,1.1730195587960317,0.0015452742932592287
6487,ardupilot,GUIDED_NOGPS,20260411_104558_ardupilot_attitude_random_yaw_r1,1.1745003192847587,1.172924101133392,0.0016370092789471287
6488,ardupilot,GUIDED_NOGPS,20260411_104558_ardupilot_attitude_random_yaw_r1,1.1745003192847587,1.172821011867279,0.0017363134325465816
6489,ardupilot,GUIDED_NOGPS,20260411_104558_ardupilot_attitude_random_yaw_r1,1.1745003192847587,1.17274760596061,0.0018073915133079046
6490,ardupilot,GUIDED_NOGPS,20260411_104558_ardupilot_attitude_random_yaw_r1,1.1745003192847587,1.172744251048439,0.001810421581966883
6491,ardupilot,GUIDED_NOGPS,20260411_104558_ardupilot_attitude_random_yaw_r1,1.1745003192847587,1.172705595044322,0.0018479819352353818
6492,ardupilot,GUIDED_NOGPS,20260411_104558_ardupilot_attitude_random_yaw_r1,1.1745003192847587,1.1727040707967074,0.0018492232639333965
6493,ardupilot,GUIDED_NOGPS,20260411_104558_ardupilot_attitude_random_yaw_r1,1.1745003192847587,1.1726300350154246,0.0019212070716597847
6879,ardupilot,STABILIZE,20260411_104740_ardupilot_manual_alternating_pulse_train_throttle_r1,0.0,0.0023269003353032533,0.0023269003353032533
6880,ardupilot,STABILIZE,20260411_104740_ardupilot_manual_alternating_pulse_train_throttle_r1,0.0,0.0023269003353032533,0.0023269003353032533
6881,ardupilot,STABILIZE,20260411_104740_ardupilot_manual_alternating_pulse_train_throttle_r1,0.0,0.0023269003353032533,0.0023269003353032533
6882,ardupilot,STABILIZE,20260411_104740_ardupilot_manual_alternating_pulse_train_throttle_r1,0.0,0.0023269003353032533,0.0023269003353032533
6883,ardupilot,STABILIZE,20260411_104740_ardupilot_manual_alternating_pulse_train_throttle_r1,0.0,0.0023269003353032533,0.0023269003353032533
6884,ardupilot,STABILIZE,20260411_104740_ardupilot_manual_alternating_pulse_train_throttle_r1,0.0,0.0023269003353032533,0.0023269003353032533
6885,ardupilot,STABILIZE,20260411_104740_ardupilot_manual_alternating_pulse_train_throttle_r1,0.0,0.0023269003353032533,0.0023269003353032533
6886,ardupilot,STABILIZE,20260411_104740_ardupilot_manual_alternating_pulse_train_throttle_r1,0.0,0.0023269003353032533,0.0023269003353032533
6887,ardupilot,STABILIZE,20260411_104740_ardupilot_manual_alternating_pulse_train_throttle_r1,0.0,0.002183254918233449,0.002183254918233449
6888,ardupilot,STABILIZE,20260411_104740_ardupilot_manual_alternating_pulse_train_throttle_r1,0.0,0.002183254918233449,0.002183254918233449
6889,ardupilot,STABILIZE,20260411_104740_ardupilot_manual_alternating_pulse_train_throttle_r1,0.0,0.0022394233725795847,0.0022394233725795847
6890,ardupilot,STABILIZE,20260411_104740_ardupilot_manual_alternating_pulse_train_throttle_r1,0.0,0.0023390311636627705,0.0023390311636627705
6891,ardupilot,STABILIZE,20260411_104740_ardupilot_manual_alternating_pulse_train_throttle_r1,0.0,0.0023390311636627705,0.0023390311636627705
6892,ardupilot,STABILIZE,20260411_104740_ardupilot_manual_alternating_pulse_train_throttle_r1,0.0,0.0023390311636627705,0.0023390311636627705
6893,ardupilot,STABILIZE,20260411_104740_ardupilot_manual_alternating_pulse_train_throttle_r1,0.0,0.0023390311636627705,0.0023390311636627705
6894,ardupilot,STABILIZE,20260411_104740_ardupilot_manual_alternating_pulse_train_throttle_r1,0.0,0.0023390311636627705,0.0023390311636627705
6895,ardupilot,STABILIZE,20260411_104740_ardupilot_manual_alternating_pulse_train_throttle_r1,0.0,0.0023390311636627705,0.0023390311636627705
6896,ardupilot,STABILIZE,20260411_104740_ardupilot_manual_alternating_pulse_train_throttle_r1,0.0,0.016777850906411526,0.016777850906411526
6897,ardupilot,STABILIZE,20260411_104740_ardupilot_manual_alternating_pulse_train_throttle_r1,0.0,0.013365081545979807,0.013365081545979807
6898,ardupilot,STABILIZE,20260411_104740_ardupilot_manual_alternating_pulse_train_throttle_r1,0.0,0.010526413335683592,0.010526413335683592
6899,ardupilot,STABILIZE,20260411_104740_ardupilot_manual_alternating_pulse_train_throttle_r1,0.0,0.008318363246106464,0.008318363246106464
6900,ardupilot,STABILIZE,20260411_104740_ardupilot_manual_alternating_pulse_train_throttle_r1,0.0,0.008318363246106464,0.008318363246106464
6901,ardupilot,STABILIZE,20260411_104740_ardupilot_manual_alternating_pulse_train_throttle_r1,0.0,0.008262191335191162,0.008262191335191162
6902,ardupilot,STABILIZE,20260411_104740_ardupilot_manual_alternating_pulse_train_throttle_r1,0.0,0.01095409897931969,0.01095409897931969
6903,ardupilot,STABILIZE,20260411_104740_ardupilot_manual_alternating_pulse_train_throttle_r1,0.0,0.007541345455912478,0.007541345455912478
6904,ardupilot,STABILIZE,20260411_104740_ardupilot_manual_alternating_pulse_train_throttle_r1,0.0,0.004702718710258299,0.004702718710258299
6905,ardupilot,STABILIZE,20260411_104740_ardupilot_manual_alternating_pulse_train_throttle_r1,0.0,0.0023511620068197656,0.0023511620068197656
6906,ardupilot,STABILIZE,20260411_104740_ardupilot_manual_alternating_pulse_train_throttle_r1,0.0,0.002697539280901509,0.002697539280901509
6907,ardupilot,STABILIZE,20260411_104740_ardupilot_manual_alternating_pulse_train_throttle_r1,0.0,0.002697539280901509,0.002697539280901509
6908,ardupilot,STABILIZE,20260411_104740_ardupilot_manual_alternating_pulse_train_throttle_r1,0.0,0.002697539280901509,0.002697539280901509
6909,ardupilot,STABILIZE,20260411_104740_ardupilot_manual_alternating_pulse_train_throttle_r1,0.0,0.0028423745471428015,0.0028423745471428015
6910,ardupilot,STABILIZE,20260411_104740_ardupilot_manual_alternating_pulse_train_throttle_r1,0.0,0.0026987203018079215,0.0026987203018079215
6911,ardupilot,STABILIZE,20260411_104740_ardupilot_manual_alternating_pulse_train_throttle_r1,0.0,0.0026987203018079215,0.0026987203018079215
6912,ardupilot,STABILIZE,20260411_104740_ardupilot_manual_alternating_pulse_train_throttle_r1,0.0,0.002754891842095045,0.002754891842095045
6913,ardupilot,STABILIZE,20260411_104740_ardupilot_manual_alternating_pulse_train_throttle_r1,0.0,0.002854504103964747,0.002854504103964747
6914,ardupilot,STABILIZE,20260411_104740_ardupilot_manual_alternating_pulse_train_throttle_r1,0.0,0.002854504103964747,0.002854504103964747
6915,ardupilot,STABILIZE,20260411_104740_ardupilot_manual_alternating_pulse_train_throttle_r1,0.0,0.02197112530707678,0.02197112530707678
6916,ardupilot,STABILIZE,20260411_104740_ardupilot_manual_alternating_pulse_train_throttle_r1,0.0,0.018558385454825858,0.018558385454825858
6917,ardupilot,STABILIZE,20260411_104740_ardupilot_manual_alternating_pulse_train_throttle_r1,0.0,0.01571975551765664,0.01571975551765664
6918,ardupilot,STABILIZE,20260411_104740_ardupilot_manual_alternating_pulse_train_throttle_r1,0.0,0.013368096419872164,0.013368096419872164
6919,ardupilot,STABILIZE,20260411_104740_ardupilot_manual_alternating_pulse_train_throttle_r1,0.0,0.013368096419872164,0.013368096419872164
6920,ardupilot,STABILIZE,20260411_104740_ardupilot_manual_alternating_pulse_train_throttle_r1,0.0,0.013368096419872164,0.013368096419872164
6921,ardupilot,STABILIZE,20260411_104740_ardupilot_manual_alternating_pulse_train_throttle_r1,0.0,0.005748909013081224,0.005748909013081224
6922,ardupilot,STABILIZE,20260411_104740_ardupilot_manual_alternating_pulse_train_throttle_r1,0.0,0.002336265811658185,0.002336265811658185
6923,ardupilot,STABILIZE,20260411_104740_ardupilot_manual_alternating_pulse_train_throttle_r1,0.0,0.0005035778184604829,0.0005035778184604829
6924,ardupilot,STABILIZE,20260411_104740_ardupilot_manual_alternating_pulse_train_throttle_r1,0.0,0.002854504103964747,0.002854504103964747
6925,ardupilot,STABILIZE,20260411_104740_ardupilot_manual_alternating_pulse_train_throttle_r1,0.0,0.002854504103964747,0.002854504103964747
6926,ardupilot,STABILIZE,20260411_104740_ardupilot_manual_alternating_pulse_train_throttle_r1,0.0,0.002854504103964747,0.002854504103964747
6927,ardupilot,STABILIZE,20260411_104740_ardupilot_manual_alternating_pulse_train_throttle_r1,0.0,0.002854504103964747,0.002854504103964747
6928,ardupilot,STABILIZE,20260411_104740_ardupilot_manual_alternating_pulse_train_throttle_r1,0.0,0.002854504103964747,0.002854504103964747
6929,ardupilot,STABILIZE,20260411_104740_ardupilot_manual_alternating_pulse_train_throttle_r1,0.0,0.0027108499180955137,0.0027108499180955137
6930,ardupilot,STABILIZE,20260411_104740_ardupilot_manual_alternating_pulse_train_throttle_r1,0.0,0.0027108499180955137,0.0027108499180955137
6931,ardupilot,STABILIZE,20260411_104740_ardupilot_manual_alternating_pulse_train_throttle_r1,0.0,0.002767021442806664,0.002767021442806664
6932,ardupilot,STABILIZE,20260411_104740_ardupilot_manual_alternating_pulse_train_throttle_r1,0.0,0.0028666336836821278,0.0028666336836821278
6933,ardupilot,STABILIZE,20260411_104740_ardupilot_manual_alternating_pulse_train_throttle_r1,0.0,0.0028666336836821278,0.0028666336836821278
6934,ardupilot,STABILIZE,20260411_104740_ardupilot_manual_alternating_pulse_train_throttle_r1,0.0,0.016250103833459147,0.016250103833459147
6935,ardupilot,STABILIZE,20260411_104740_ardupilot_manual_alternating_pulse_train_throttle_r1,0.0,0.012837339921629214,0.012837339921629214
6936,ardupilot,STABILIZE,20260411_104740_ardupilot_manual_alternating_pulse_train_throttle_r1,0.0,0.009998680985778817,0.009998680985778817
6937,ardupilot,STABILIZE,20260411_104740_ardupilot_manual_alternating_pulse_train_throttle_r1,0.0,0.007646990690411921,0.007646990690411921
6938,ardupilot,STABILIZE,20260411_104740_ardupilot_manual_alternating_pulse_train_throttle_r1,0.0,0.007646990690411921,0.007646990690411921
6939,ardupilot,STABILIZE,20260411_104740_ardupilot_manual_alternating_pulse_train_throttle_r1,0.0,0.007646990690411921,0.007646990690411921
6940,ardupilot,STABILIZE,20260411_104740_ardupilot_manual_alternating_pulse_train_throttle_r1,0.0,0.01132605575569447,0.01132605575569447
6941,ardupilot,STABILIZE,20260411_104740_ardupilot_manual_alternating_pulse_train_throttle_r1,0.0,0.007913289381481153,0.007913289381481153
6942,ardupilot,STABILIZE,20260411_104740_ardupilot_manual_alternating_pulse_train_throttle_r1,0.0,0.005130804989939875,0.005130804989939875
6943,ardupilot,STABILIZE,20260411_104740_ardupilot_manual_alternating_pulse_train_throttle_r1,0.0,0.0028787632860038177,0.0028787632860038177
6944,ardupilot,STABILIZE,20260411_104740_ardupilot_manual_alternating_pulse_train_throttle_r1,0.0,0.0028787632860038177,0.0028787632860038177
6945,ardupilot,STABILIZE,20260411_104740_ardupilot_manual_alternating_pulse_train_throttle_r1,0.0,0.0028787632860038177,0.0028787632860038177
6946,ardupilot,STABILIZE,20260411_104740_ardupilot_manual_alternating_pulse_train_throttle_r1,0.0,0.0028787632860038177,0.0028787632860038177
6947,ardupilot,STABILIZE,20260411_104740_ardupilot_manual_alternating_pulse_train_throttle_r1,0.0,0.0028787632860038177,0.0028787632860038177
6948,ardupilot,STABILIZE,20260411_104740_ardupilot_manual_alternating_pulse_train_throttle_r1,0.0,0.0028787632860038177,0.0028787632860038177
6949,ardupilot,STABILIZE,20260411_104740_ardupilot_manual_alternating_pulse_train_throttle_r1,0.0,0.0028787632860038177,0.0028787632860038177
6950,ardupilot,STABILIZE,20260411_104740_ardupilot_manual_alternating_pulse_train_throttle_r1,0.0,0.0028787632860038177,0.0028787632860038177
6951,ardupilot,STABILIZE,20260411_104740_ardupilot_manual_alternating_pulse_train_throttle_r1,0.0,0.0028787632860038177,0.0028787632860038177
6952,ardupilot,STABILIZE,20260411_104740_ardupilot_manual_alternating_pulse_train_throttle_r1,0.0,0.0028787632860038177,0.0028787632860038177
6953,ardupilot,STABILIZE,20260411_104740_ardupilot_manual_alternating_pulse_train_throttle_r1,0.0,0.0219953823001402,0.0219953823001402
6954,ardupilot,STABILIZE,20260411_104740_ardupilot_manual_alternating_pulse_train_throttle_r1,0.0,0.01858264281403018,0.01858264281403018
6955,ardupilot,STABILIZE,20260411_104740_ardupilot_manual_alternating_pulse_train_throttle_r1,0.0,0.015744013328459816,0.015744013328459816
6956,ardupilot,STABILIZE,20260411_104740_ardupilot_manual_alternating_pulse_train_throttle_r1,0.0,0.01339235477710968,0.01339235477710968
6957,ardupilot,STABILIZE,20260411_104740_ardupilot_manual_alternating_pulse_train_throttle_r1,0.0,0.013248699063435699,0.013248699063435699
6958,ardupilot,STABILIZE,20260411_104740_ardupilot_manual_alternating_pulse_train_throttle_r1,0.0,0.013248699063435699,0.013248699063435699
6959,ardupilot,STABILIZE,20260411_104740_ardupilot_manual_alternating_pulse_train_throttle_r1,0.0,0.013304870968006553,0.013304870968006553
6960,ardupilot,STABILIZE,20260411_104740_ardupilot_manual_alternating_pulse_train_throttle_r1,0.0,0.005712532446690362,0.005712532446690362
6961,ardupilot,STABILIZE,20260411_104740_ardupilot_manual_alternating_pulse_train_throttle_r1,0.0,0.002299899577252287,0.002299899577252287
6962,ardupilot,STABILIZE,20260411_104740_ardupilot_manual_alternating_pulse_train_throttle_r1,0.0,0.0005399466734959633,0.0005399466734959633
6963,ardupilot,STABILIZE,20260411_104740_ardupilot_manual_alternating_pulse_train_throttle_r1,0.0,0.0028908929106400004,0.0028908929106400004
6964,ardupilot,STABILIZE,20260411_104740_ardupilot_manual_alternating_pulse_train_throttle_r1,0.0,0.0028908929106400004,0.0028908929106400004
6965,ardupilot,STABILIZE,20260411_104740_ardupilot_manual_alternating_pulse_train_throttle_r1,0.0,0.0028908929106400004,0.0028908929106400004
6966,ardupilot,STABILIZE,20260411_104740_ardupilot_manual_alternating_pulse_train_throttle_r1,0.0,0.0028908929106400004,0.0028908929106400004
6967,ardupilot,STABILIZE,20260411_104740_ardupilot_manual_alternating_pulse_train_throttle_r1,0.0,0.0028908929106400004,0.0028908929106400004
6968,ardupilot,STABILIZE,20260411_104740_ardupilot_manual_alternating_pulse_train_throttle_r1,0.0,0.0028908929106400004,0.0028908929106400004
6969,ardupilot,STABILIZE,20260411_104740_ardupilot_manual_alternating_pulse_train_throttle_r1,0.0,0.0028908929106400004,0.0028908929106400004
6970,ardupilot,STABILIZE,20260411_104740_ardupilot_manual_alternating_pulse_train_throttle_r1,0.0,0.0028908929106400004,0.0028908929106400004
6971,ardupilot,STABILIZE,20260411_104740_ardupilot_manual_alternating_pulse_train_throttle_r1,0.0,0.0028908929106400004,0.0028908929106400004
6972,ardupilot,STABILIZE,20260411_104740_ardupilot_manual_alternating_pulse_train_throttle_r1,0.0,0.01622584780065307,0.01622584780065307
6973,ardupilot,STABILIZE,20260411_104740_ardupilot_manual_alternating_pulse_train_throttle_r1,0.0,0.012813083568027652,0.012813083568027652
6974,ardupilot,STABILIZE,20260411_104740_ardupilot_manual_alternating_pulse_train_throttle_r1,0.0,0.009974424135021132,0.009974424135021132
6975,ardupilot,STABILIZE,20260411_104740_ardupilot_manual_alternating_pulse_train_throttle_r1,0.0,0.007622733076528234,0.007622733076528234
6976,ardupilot,STABILIZE,20260411_104740_ardupilot_manual_alternating_pulse_train_throttle_r1,0.0,0.007622733076528234,0.007622733076528234
6977,ardupilot,STABILIZE,20260411_104740_ardupilot_manual_alternating_pulse_train_throttle_r1,0.0,0.007622733076528234,0.007622733076528234
6978,ardupilot,STABILIZE,20260411_104740_ardupilot_manual_alternating_pulse_train_throttle_r1,0.0,0.007622733076528234,0.007622733076528234
6979,ardupilot,STABILIZE,20260411_104740_ardupilot_manual_alternating_pulse_train_throttle_r1,0.0,0.01149396759419656,0.01149396759419656
6980,ardupilot,STABILIZE,20260411_104740_ardupilot_manual_alternating_pulse_train_throttle_r1,0.0,0.008081201885715475,0.008081201885715475
6981,ardupilot,STABILIZE,20260411_104740_ardupilot_manual_alternating_pulse_train_throttle_r1,0.0,0.005242546436144477,0.005242546436144477
6982,ardupilot,STABILIZE,20260411_104740_ardupilot_manual_alternating_pulse_train_throttle_r1,0.0,0.0028908929106400004,0.0028908929106400004
6983,ardupilot,STABILIZE,20260411_104740_ardupilot_manual_alternating_pulse_train_throttle_r1,0.0,0.0028908929106400004,0.0028908929106400004
6984,ardupilot,STABILIZE,20260411_104740_ardupilot_manual_alternating_pulse_train_throttle_r1,0.0,0.0028908929106400004,0.0028908929106400004
6985,ardupilot,STABILIZE,20260411_104740_ardupilot_manual_alternating_pulse_train_throttle_r1,0.0,0.0028908929106400004,0.0028908929106400004
6986,ardupilot,STABILIZE,20260411_104740_ardupilot_manual_alternating_pulse_train_throttle_r1,0.0,0.0028908929106400004,0.0028908929106400004
6987,ardupilot,STABILIZE,20260411_104740_ardupilot_manual_alternating_pulse_train_throttle_r1,0.0,0.0028908929106400004,0.0028908929106400004
6988,ardupilot,STABILIZE,20260411_104740_ardupilot_manual_alternating_pulse_train_throttle_r1,0.0,0.0028908929106400004,0.0028908929106400004
6989,ardupilot,STABILIZE,20260411_104740_ardupilot_manual_alternating_pulse_train_throttle_r1,0.0,0.0028908929106400004,0.0028908929106400004
6990,ardupilot,STABILIZE,20260411_104740_ardupilot_manual_alternating_pulse_train_throttle_r1,0.0,0.0028908929106400004,0.0028908929106400004
6991,ardupilot,STABILIZE,20260411_104740_ardupilot_manual_alternating_pulse_train_throttle_r1,0.0,0.0028908929106400004,0.0028908929106400004
6992,ardupilot,STABILIZE,20260411_104740_ardupilot_manual_alternating_pulse_train_throttle_r1,0.0,0.0028908929106400004,0.0028908929106400004
6993,ardupilot,STABILIZE,20260411_104740_ardupilot_manual_alternating_pulse_train_throttle_r1,0.0,0.0028908929106400004,0.0028908929106400004
6994,ardupilot,STABILIZE,20260411_104740_ardupilot_manual_alternating_pulse_train_throttle_r1,0.0,0.0028908929106400004,0.0028908929106400004
6995,ardupilot,STABILIZE,20260411_104740_ardupilot_manual_alternating_pulse_train_throttle_r1,0.0,0.0028908929106400004,0.0028908929106400004
6996,ardupilot,STABILIZE,20260411_104740_ardupilot_manual_alternating_pulse_train_throttle_r1,0.0,0.0028908929106400004,0.0028908929106400004
6997,ardupilot,STABILIZE,20260411_104740_ardupilot_manual_alternating_pulse_train_throttle_r1,0.0,0.0028908929106400004,0.0028908929106400004
6998,ardupilot,STABILIZE,20260411_104740_ardupilot_manual_alternating_pulse_train_throttle_r1,0.0,0.0028908929106400004,0.0028908929106400004
6999,ardupilot,STABILIZE,20260411_104740_ardupilot_manual_alternating_pulse_train_throttle_r1,0.0,0.0028908929106400004,0.0028908929106400004
7000,ardupilot,STABILIZE,20260411_104740_ardupilot_manual_alternating_pulse_train_throttle_r1,0.0,0.0028908929106400004,0.0028908929106400004
7001,ardupilot,STABILIZE,20260411_104740_ardupilot_manual_alternating_pulse_train_throttle_r1,0.0,0.0028908929106400004,0.0028908929106400004
7002,ardupilot,STABILIZE,20260411_104740_ardupilot_manual_alternating_pulse_train_throttle_r1,0.0,0.0028908929106400004,0.0028908929106400004
7003,ardupilot,STABILIZE,20260411_104740_ardupilot_manual_alternating_pulse_train_throttle_r1,0.0,0.0028908929106400004,0.0028908929106400004
7004,ardupilot,STABILIZE,20260411_104740_ardupilot_manual_alternating_pulse_train_throttle_r1,0.0,0.0028908929106400004,0.0028908929106400004
7005,ardupilot,STABILIZE,20260411_104740_ardupilot_manual_alternating_pulse_train_throttle_r1,0.0,0.0028908929106400004,0.0028908929106400004
7006,ardupilot,STABILIZE,20260411_104740_ardupilot_manual_alternating_pulse_train_throttle_r1,0.0,0.0028908929106400004,0.0028908929106400004
7007,ardupilot,STABILIZE,20260411_104740_ardupilot_manual_alternating_pulse_train_throttle_r1,0.0,0.0028908929106400004,0.0028908929106400004
7008,ardupilot,STABILIZE,20260411_104740_ardupilot_manual_alternating_pulse_train_throttle_r1,0.0,0.0028908929106400004,0.0028908929106400004
7009,ardupilot,STABILIZE,20260411_104740_ardupilot_manual_alternating_pulse_train_throttle_r1,0.0,0.0028908929106400004,0.0028908929106400004
7010,ardupilot,STABILIZE,20260411_104740_ardupilot_manual_alternating_pulse_train_throttle_r1,0.0,0.0028908929106400004,0.0028908929106400004
7011,ardupilot,STABILIZE,20260411_104740_ardupilot_manual_alternating_pulse_train_throttle_r1,0.0,0.0028908929106400004,0.0028908929106400004
7012,ardupilot,STABILIZE,20260411_104740_ardupilot_manual_alternating_pulse_train_throttle_r1,0.0,0.0028908929106400004,0.0028908929106400004
7013,ardupilot,STABILIZE,20260411_104740_ardupilot_manual_alternating_pulse_train_throttle_r1,0.0,0.0028908929106400004,0.0028908929106400004
7014,ardupilot,STABILIZE,20260411_104740_ardupilot_manual_alternating_pulse_train_throttle_r1,0.0,0.0028908929106400004,0.0028908929106400004
7015,ardupilot,STABILIZE,20260411_104740_ardupilot_manual_alternating_pulse_train_throttle_r1,0.0,0.0028908929106400004,0.0028908929106400004
7016,ardupilot,STABILIZE,20260411_104740_ardupilot_manual_alternating_pulse_train_throttle_r1,0.0,0.0028908929106400004,0.0028908929106400004
7017,ardupilot,STABILIZE,20260411_104740_ardupilot_manual_alternating_pulse_train_throttle_r1,0.0,0.0028908929106400004,0.0028908929106400004
7018,ardupilot,STABILIZE,20260411_104740_ardupilot_manual_alternating_pulse_train_throttle_r1,0.0,0.0028908929106400004,0.0028908929106400004
7019,ardupilot,STABILIZE,20260411_104740_ardupilot_manual_alternating_pulse_train_throttle_r1,0.0,0.0028908929106400004,0.0028908929106400004
7020,ardupilot,STABILIZE,20260411_104740_ardupilot_manual_alternating_pulse_train_throttle_r1,0.0,0.0028908929106400004,0.0028908929106400004
7021,ardupilot,STABILIZE,20260411_104740_ardupilot_manual_alternating_pulse_train_throttle_r1,0.0,0.0028908929106400004,0.0028908929106400004
7022,ardupilot,STABILIZE,20260411_104740_ardupilot_manual_alternating_pulse_train_throttle_r1,0.0,0.0028908929106400004,0.0028908929106400004
7023,ardupilot,STABILIZE,20260411_104740_ardupilot_manual_alternating_pulse_train_throttle_r1,0.0,0.0028908929106400004,0.0028908929106400004
7024,ardupilot,STABILIZE,20260411_104740_ardupilot_manual_alternating_pulse_train_throttle_r1,0.0,0.0028908929106400004,0.0028908929106400004
7025,ardupilot,STABILIZE,20260411_104740_ardupilot_manual_alternating_pulse_train_throttle_r1,0.0,0.0028908929106400004,0.0028908929106400004
7026,ardupilot,STABILIZE,20260411_104740_ardupilot_manual_alternating_pulse_train_throttle_r1,0.0,0.0028908929106400004,0.0028908929106400004
7027,ardupilot,STABILIZE,20260411_104740_ardupilot_manual_alternating_pulse_train_throttle_r1,0.0,0.0028908929106400004,0.0028908929106400004
7028,ardupilot,STABILIZE,20260411_104740_ardupilot_manual_alternating_pulse_train_throttle_r1,0.0,0.0028908929106400004,0.0028908929106400004
7029,ardupilot,STABILIZE,20260411_104740_ardupilot_manual_alternating_pulse_train_throttle_r1,0.0,0.0028908929106400004,0.0028908929106400004
7030,ardupilot,STABILIZE,20260411_104740_ardupilot_manual_alternating_pulse_train_throttle_r1,0.0,0.0028908929106400004,0.0028908929106400004
7031,ardupilot,STABILIZE,20260411_104740_ardupilot_manual_alternating_pulse_train_throttle_r1,0.0,0.0028908929106400004,0.0028908929106400004
7032,ardupilot,STABILIZE,20260411_104740_ardupilot_manual_alternating_pulse_train_throttle_r1,0.0,0.0028908929106400004,0.0028908929106400004
7033,ardupilot,STABILIZE,20260411_104740_ardupilot_manual_alternating_pulse_train_throttle_r1,0.0,0.0028908929106400004,0.0028908929106400004
7034,ardupilot,STABILIZE,20260411_104740_ardupilot_manual_alternating_pulse_train_throttle_r1,0.0,0.0028908929106400004,0.0028908929106400004
7035,ardupilot,STABILIZE,20260411_104740_ardupilot_manual_alternating_pulse_train_throttle_r1,0.0,0.0028908929106400004,0.0028908929106400004
7036,ardupilot,STABILIZE,20260411_104740_ardupilot_manual_alternating_pulse_train_throttle_r1,0.0,0.0028908929106400004,0.0028908929106400004
7037,ardupilot,STABILIZE,20260411_104740_ardupilot_manual_alternating_pulse_train_throttle_r1,0.0,0.0028908929106400004,0.0028908929106400004
7038,ardupilot,STABILIZE,20260411_104740_ardupilot_manual_alternating_pulse_train_throttle_r1,0.0,0.0028908929106400004,0.0028908929106400004
7039,ardupilot,STABILIZE,20260411_104740_ardupilot_manual_alternating_pulse_train_throttle_r1,0.0,0.0028908929106400004,0.0028908929106400004
7040,ardupilot,STABILIZE,20260411_104740_ardupilot_manual_alternating_pulse_train_throttle_r1,0.0,0.0028908929106400004,0.0028908929106400004
7041,ardupilot,STABILIZE,20260411_104740_ardupilot_manual_alternating_pulse_train_throttle_r1,0.0,0.0028908929106400004,0.0028908929106400004
7042,ardupilot,STABILIZE,20260411_104740_ardupilot_manual_alternating_pulse_train_throttle_r1,0.0,0.0028908929106400004,0.0028908929106400004
7043,ardupilot,STABILIZE,20260411_104740_ardupilot_manual_alternating_pulse_train_throttle_r1,0.0,0.0028908929106400004,0.0028908929106400004
7044,ardupilot,STABILIZE,20260411_104740_ardupilot_manual_alternating_pulse_train_throttle_r1,0.0,0.0028908929106400004,0.0028908929106400004
7045,ardupilot,STABILIZE,20260411_104740_ardupilot_manual_alternating_pulse_train_throttle_r1,0.0,0.0028908929106400004,0.0028908929106400004
7046,ardupilot,STABILIZE,20260411_104740_ardupilot_manual_alternating_pulse_train_throttle_r1,0.0,0.0028908929106400004,0.0028908929106400004
7047,ardupilot,STABILIZE,20260411_104740_ardupilot_manual_alternating_pulse_train_throttle_r1,0.0,0.0028908929106400004,0.0028908929106400004
7048,ardupilot,STABILIZE,20260411_104740_ardupilot_manual_alternating_pulse_train_throttle_r1,0.0,0.0028908929106400004,0.0028908929106400004
7049,ardupilot,STABILIZE,20260411_104740_ardupilot_manual_alternating_pulse_train_throttle_r1,0.0,0.0028908929106400004,0.0028908929106400004
7050,ardupilot,STABILIZE,20260411_104740_ardupilot_manual_alternating_pulse_train_throttle_r1,0.0,0.0028908929106400004,0.0028908929106400004
7051,ardupilot,STABILIZE,20260411_104740_ardupilot_manual_alternating_pulse_train_throttle_r1,0.0,0.0030345471534809817,0.0030345471534809817
7052,ardupilot,STABILIZE,20260411_104740_ardupilot_manual_alternating_pulse_train_throttle_r1,0.0,0.0030345471534809817,0.0030345471534809817
7053,ardupilot,STABILIZE,20260411_104740_ardupilot_manual_alternating_pulse_train_throttle_r1,0.0,0.002978375569284146,0.002978375569284146
7054,ardupilot,STABILIZE,20260411_104740_ardupilot_manual_alternating_pulse_train_throttle_r1,0.0,0.0028787632860038177,0.0028787632860038177
7055,ardupilot,STABILIZE,20260411_104740_ardupilot_manual_alternating_pulse_train_throttle_r1,0.0,0.0028787632860038177,0.0028787632860038177
7056,ardupilot,STABILIZE,20260411_104740_ardupilot_manual_alternating_pulse_train_throttle_r1,0.0,0.0028787632860038177,0.0028787632860038177
7057,ardupilot,STABILIZE,20260411_104740_ardupilot_manual_alternating_pulse_train_throttle_r1,0.0,0.0028787632860038177,0.0028787632860038177
7058,ardupilot,STABILIZE,20260411_104740_ardupilot_manual_alternating_pulse_train_throttle_r1,0.0,0.0028787632860038177,0.0028787632860038177
7059,ardupilot,STABILIZE,20260411_104740_ardupilot_manual_alternating_pulse_train_throttle_r1,0.0,0.0028787632860038177,0.0028787632860038177
7060,ardupilot,STABILIZE,20260411_104740_ardupilot_manual_alternating_pulse_train_throttle_r1,0.0,0.0028787632860038177,0.0028787632860038177
7061,ardupilot,STABILIZE,20260411_104740_ardupilot_manual_alternating_pulse_train_throttle_r1,0.0,0.0028787632860038177,0.0028787632860038177
7062,ardupilot,STABILIZE,20260411_104740_ardupilot_manual_alternating_pulse_train_throttle_r1,0.0,0.0028787632860038177,0.0028787632860038177
7063,ardupilot,STABILIZE,20260411_104740_ardupilot_manual_alternating_pulse_train_throttle_r1,0.0,0.0028787632860038177,0.0028787632860038177
7064,ardupilot,STABILIZE,20260411_104740_ardupilot_manual_alternating_pulse_train_throttle_r1,0.0,0.0028787632860038177,0.0028787632860038177
7065,ardupilot,STABILIZE,20260411_104740_ardupilot_manual_alternating_pulse_train_throttle_r1,0.0,0.0028787632860038177,0.0028787632860038177
7066,ardupilot,STABILIZE,20260411_104740_ardupilot_manual_alternating_pulse_train_throttle_r1,0.0,0.0028787632860038177,0.0028787632860038177
7643,ardupilot,STABILIZE,20260411_104957_ardupilot_manual_alternating_pulse_train_throttle_r1,0.0,0.014027905754497432,0.014027905754497432
7644,ardupilot,STABILIZE,20260411_104957_ardupilot_manual_alternating_pulse_train_throttle_r1,0.0,0.014027905754497432,0.014027905754497432
7645,ardupilot,STABILIZE,20260411_104957_ardupilot_manual_alternating_pulse_train_throttle_r1,0.0,0.014027905754497432,0.014027905754497432
7646,ardupilot,STABILIZE,20260411_104957_ardupilot_manual_alternating_pulse_train_throttle_r1,0.0,0.014027905754497432,0.014027905754497432
7647,ardupilot,STABILIZE,20260411_104957_ardupilot_manual_alternating_pulse_train_throttle_r1,0.0,0.014027905754497432,0.014027905754497432
7648,ardupilot,STABILIZE,20260411_104957_ardupilot_manual_alternating_pulse_train_throttle_r1,0.0,0.014027905754497432,0.014027905754497432
7649,ardupilot,STABILIZE,20260411_104957_ardupilot_manual_alternating_pulse_train_throttle_r1,0.0,0.014027905754497432,0.014027905754497432
7650,ardupilot,STABILIZE,20260411_104957_ardupilot_manual_alternating_pulse_train_throttle_r1,0.0,0.014027905754497432,0.014027905754497432
7651,ardupilot,STABILIZE,20260411_104957_ardupilot_manual_alternating_pulse_train_throttle_r1,0.0,0.014171562142858139,0.014171562142858139
7652,ardupilot,STABILIZE,20260411_104957_ardupilot_manual_alternating_pulse_train_throttle_r1,0.0,0.014171562142858139,0.014171562142858139
7653,ardupilot,STABILIZE,20260411_104957_ardupilot_manual_alternating_pulse_train_throttle_r1,0.0,0.01411539016906326,0.01411539016906326
7654,ardupilot,STABILIZE,20260411_104957_ardupilot_manual_alternating_pulse_train_throttle_r1,0.0,0.014015777098067495,0.014015777098067495
7655,ardupilot,STABILIZE,20260411_104957_ardupilot_manual_alternating_pulse_train_throttle_r1,0.0,0.014015777098067495,0.014015777098067495
7656,ardupilot,STABILIZE,20260411_104957_ardupilot_manual_alternating_pulse_train_throttle_r1,0.0,0.014015777098067495,0.014015777098067495
7657,ardupilot,STABILIZE,20260411_104957_ardupilot_manual_alternating_pulse_train_throttle_r1,0.0,0.014015777098067495,0.014015777098067495
7658,ardupilot,STABILIZE,20260411_104957_ardupilot_manual_alternating_pulse_train_throttle_r1,0.0,0.014015777098067495,0.014015777098067495
7659,ardupilot,STABILIZE,20260411_104957_ardupilot_manual_alternating_pulse_train_throttle_r1,0.0,0.014015777098067495,0.014015777098067495
7660,ardupilot,STABILIZE,20260411_104957_ardupilot_manual_alternating_pulse_train_throttle_r1,0.0,0.05989576703246288,0.05989576703246288
7661,ardupilot,STABILIZE,20260411_104957_ardupilot_manual_alternating_pulse_train_throttle_r1,0.0,0.05170517504198165,0.05170517504198165
7662,ardupilot,STABILIZE,20260411_104957_ardupilot_manual_alternating_pulse_train_throttle_r1,0.0,0.04489243750209724,0.04489243750209724
7663,ardupilot,STABILIZE,20260411_104957_ardupilot_manual_alternating_pulse_train_throttle_r1,0.0,0.03939207128968362,0.03939207128968362
7664,ardupilot,STABILIZE,20260411_104957_ardupilot_manual_alternating_pulse_train_throttle_r1,0.0,0.03939207128968362,0.03939207128968362
7665,ardupilot,STABILIZE,20260411_104957_ardupilot_manual_alternating_pulse_train_throttle_r1,0.0,0.039335899321940905,0.039335899321940905
7666,ardupilot,STABILIZE,20260411_104957_ardupilot_manual_alternating_pulse_train_throttle_r1,0.0,0.006644736388027941,0.006644736388027941
7667,ardupilot,STABILIZE,20260411_104957_ardupilot_manual_alternating_pulse_train_throttle_r1,0.0,0.0015487798978210308,0.0015487798978210308
7668,ardupilot,STABILIZE,20260411_104957_ardupilot_manual_alternating_pulse_train_throttle_r1,0.0,0.008359690980144384,0.008359690980144384
7669,ardupilot,STABILIZE,20260411_104957_ardupilot_manual_alternating_pulse_train_throttle_r1,0.0,0.01400364844787985,0.01400364844787985
7670,ardupilot,STABILIZE,20260411_104957_ardupilot_manual_alternating_pulse_train_throttle_r1,0.0,0.013657264429698604,0.013657264429698604
7671,ardupilot,STABILIZE,20260411_104957_ardupilot_manual_alternating_pulse_train_throttle_r1,0.0,0.013657264429698604,0.013657264429698604
7672,ardupilot,STABILIZE,20260411_104957_ardupilot_manual_alternating_pulse_train_throttle_r1,0.0,0.013657264429698604,0.013657264429698604
7673,ardupilot,STABILIZE,20260411_104957_ardupilot_manual_alternating_pulse_train_throttle_r1,0.0,0.01351232912082962,0.01351232912082962
7674,ardupilot,STABILIZE,20260411_104957_ardupilot_manual_alternating_pulse_train_throttle_r1,0.0,0.013655985256106234,0.013655985256106234
7675,ardupilot,STABILIZE,20260411_104957_ardupilot_manual_alternating_pulse_train_throttle_r1,0.0,0.013655985256106234,0.013655985256106234
7676,ardupilot,STABILIZE,20260411_104957_ardupilot_manual_alternating_pulse_train_throttle_r1,0.0,0.013599813313480341,0.013599813313480341
7677,ardupilot,STABILIZE,20260411_104957_ardupilot_manual_alternating_pulse_train_throttle_r1,0.0,0.013500200186453627,0.013500200186453627
7678,ardupilot,STABILIZE,20260411_104957_ardupilot_manual_alternating_pulse_train_throttle_r1,0.0,0.013500200186453627,0.013500200186453627
7679,ardupilot,STABILIZE,20260411_104957_ardupilot_manual_alternating_pulse_train_throttle_r1,0.0,0.0323798782294441,0.0323798782294441
7680,ardupilot,STABILIZE,20260411_104957_ardupilot_manual_alternating_pulse_train_throttle_r1,0.0,0.024189245248397304,0.024189245248397304
7681,ardupilot,STABILIZE,20260411_104957_ardupilot_manual_alternating_pulse_train_throttle_r1,0.0,0.017376472129062768,0.017376472129062768
7682,ardupilot,STABILIZE,20260411_104957_ardupilot_manual_alternating_pulse_train_throttle_r1,0.0,0.011732454840994031,0.011732454840994031
7683,ardupilot,STABILIZE,20260411_104957_ardupilot_manual_alternating_pulse_train_throttle_r1,0.0,0.011732454840994031,0.011732454840994031
7684,ardupilot,STABILIZE,20260411_104957_ardupilot_manual_alternating_pulse_train_throttle_r1,0.0,0.011732454840994031,0.011732454840994031
7685,ardupilot,STABILIZE,20260411_104957_ardupilot_manual_alternating_pulse_train_throttle_r1,0.0,0.034147675779275286,0.034147675779275286
7686,ardupilot,STABILIZE,20260411_104957_ardupilot_manual_alternating_pulse_train_throttle_r1,0.0,0.02595703694994289,0.02595703694994289
7687,ardupilot,STABILIZE,20260411_104957_ardupilot_manual_alternating_pulse_train_throttle_r1,0.0,0.019144250924485018,0.019144250924485018
7688,ardupilot,STABILIZE,20260411_104957_ardupilot_manual_alternating_pulse_train_throttle_r1,0.0,0.013500200186453627,0.013500200186453627
7689,ardupilot,STABILIZE,20260411_104957_ardupilot_manual_alternating_pulse_train_throttle_r1,0.0,0.013500200186453627,0.013500200186453627
7690,ardupilot,STABILIZE,20260411_104957_ardupilot_manual_alternating_pulse_train_throttle_r1,0.0,0.013500200186453627,0.013500200186453627
7691,ardupilot,STABILIZE,20260411_104957_ardupilot_manual_alternating_pulse_train_throttle_r1,0.0,0.013500200186453627,0.013500200186453627
7692,ardupilot,STABILIZE,20260411_104957_ardupilot_manual_alternating_pulse_train_throttle_r1,0.0,0.013500200186453627,0.013500200186453627
7693,ardupilot,STABILIZE,20260411_104957_ardupilot_manual_alternating_pulse_train_throttle_r1,0.0,0.013643856328670972,0.013643856328670972
7694,ardupilot,STABILIZE,20260411_104957_ardupilot_manual_alternating_pulse_train_throttle_r1,0.0,0.013643856328670972,0.013643856328670972
7695,ardupilot,STABILIZE,20260411_104957_ardupilot_manual_alternating_pulse_train_throttle_r1,0.0,0.013587684385361731,0.013587684385361731
7696,ardupilot,STABILIZE,20260411_104957_ardupilot_manual_alternating_pulse_train_throttle_r1,0.0,0.013488071258062355,0.013488071258062355
7697,ardupilot,STABILIZE,20260411_104957_ardupilot_manual_alternating_pulse_train_throttle_r1,0.0,0.013488071258062355,0.013488071258062355
7698,ardupilot,STABILIZE,20260411_104957_ardupilot_manual_alternating_pulse_train_throttle_r1,0.0,0.05936804139443729,0.05936804139443729
7699,ardupilot,STABILIZE,20260411_104957_ardupilot_manual_alternating_pulse_train_throttle_r1,0.0,0.051177456676355364,0.051177456676355364
7700,ardupilot,STABILIZE,20260411_104957_ardupilot_manual_alternating_pulse_train_throttle_r1,0.0,0.044364728511728166,0.044364728511728166
7701,ardupilot,STABILIZE,20260411_104957_ardupilot_manual_alternating_pulse_train_throttle_r1,0.0,0.03872071824925781,0.03872071824925781
7702,ardupilot,STABILIZE,20260411_104957_ardupilot_manual_alternating_pulse_train_throttle_r1,0.0,0.03872071824925781,0.03872071824925781
7703,ardupilot,STABILIZE,20260411_104957_ardupilot_manual_alternating_pulse_train_throttle_r1,0.0,0.03872071824925781,0.03872071824925781
7704,ardupilot,STABILIZE,20260411_104957_ardupilot_manual_alternating_pulse_train_throttle_r1,0.0,0.007160455474292236,0.007160455474292236
7705,ardupilot,STABILIZE,20260411_104957_ardupilot_manual_alternating_pulse_train_throttle_r1,0.0,0.00117829869089016,0.00117829869089016
7706,ardupilot,STABILIZE,20260411_104957_ardupilot_manual_alternating_pulse_train_throttle_r1,0.0,0.007987833847857367,0.007987833847857367
7707,ardupilot,STABILIZE,20260411_104957_ardupilot_manual_alternating_pulse_train_throttle_r1,0.0,0.013575555463204022,0.013575555463204022
7708,ardupilot,STABILIZE,20260411_104957_ardupilot_manual_alternating_pulse_train_throttle_r1,0.0,0.013475942335673735,0.013475942335673735
7709,ardupilot,STABILIZE,20260411_104957_ardupilot_manual_alternating_pulse_train_throttle_r1,0.0,0.013475942335673735,0.013475942335673735
7710,ardupilot,STABILIZE,20260411_104957_ardupilot_manual_alternating_pulse_train_throttle_r1,0.0,0.013475942335673735,0.013475942335673735
7711,ardupilot,STABILIZE,20260411_104957_ardupilot_manual_alternating_pulse_train_throttle_r1,0.0,0.013475942335673735,0.013475942335673735
7712,ardupilot,STABILIZE,20260411_104957_ardupilot_manual_alternating_pulse_train_throttle_r1,0.0,0.013475942335673735,0.013475942335673735
7713,ardupilot,STABILIZE,20260411_104957_ardupilot_manual_alternating_pulse_train_throttle_r1,0.0,0.013475942335673735,0.013475942335673735
7714,ardupilot,STABILIZE,20260411_104957_ardupilot_manual_alternating_pulse_train_throttle_r1,0.0,0.013475942335673735,0.013475942335673735
7715,ardupilot,STABILIZE,20260411_104957_ardupilot_manual_alternating_pulse_train_throttle_r1,0.0,0.013475942335673735,0.013475942335673735
7716,ardupilot,STABILIZE,20260411_104957_ardupilot_manual_alternating_pulse_train_throttle_r1,0.0,0.013475942335673735,0.013475942335673735
7717,ardupilot,STABILIZE,20260411_104957_ardupilot_manual_alternating_pulse_train_throttle_r1,0.0,0.03240413425870121,0.03240413425870121
7718,ardupilot,STABILIZE,20260411_104957_ardupilot_manual_alternating_pulse_train_throttle_r1,0.0,0.02421350168346221,0.02421350168346221
7719,ardupilot,STABILIZE,20260411_104957_ardupilot_manual_alternating_pulse_train_throttle_r1,0.0,0.01740072926836385,0.01740072926836385
7720,ardupilot,STABILIZE,20260411_104957_ardupilot_manual_alternating_pulse_train_throttle_r1,0.0,0.011756713224976722,0.011756713224976722
7721,ardupilot,STABILIZE,20260411_104957_ardupilot_manual_alternating_pulse_train_throttle_r1,0.0,0.011613057543154766,0.011613057543154766
7722,ardupilot,STABILIZE,20260411_104957_ardupilot_manual_alternating_pulse_train_throttle_r1,0.0,0.011613057543154766,0.011613057543154766
7723,ardupilot,STABILIZE,20260411_104957_ardupilot_manual_alternating_pulse_train_throttle_r1,0.0,0.011669229443193315,0.011669229443193315
7724,ardupilot,STABILIZE,20260411_104957_ardupilot_manual_alternating_pulse_train_throttle_r1,0.0,0.034111291933556866,0.034111291933556866
7725,ardupilot,STABILIZE,20260411_104957_ardupilot_manual_alternating_pulse_train_throttle_r1,0.0,0.025920652590006556,0.025920652590006556
7726,ardupilot,STABILIZE,20260411_104957_ardupilot_manual_alternating_pulse_train_throttle_r1,0.0,0.019107865682344377,0.019107865682344377
7727,ardupilot,STABILIZE,20260411_104957_ardupilot_manual_alternating_pulse_train_throttle_r1,0.0,0.013463813419302213,0.013463813419302213
7728,ardupilot,STABILIZE,20260411_104957_ardupilot_manual_alternating_pulse_train_throttle_r1,0.0,0.013463813419302213,0.013463813419302213
7729,ardupilot,STABILIZE,20260411_104957_ardupilot_manual_alternating_pulse_train_throttle_r1,0.0,0.013463813419302213,0.013463813419302213
7730,ardupilot,STABILIZE,20260411_104957_ardupilot_manual_alternating_pulse_train_throttle_r1,0.0,0.013463813419302213,0.013463813419302213
7731,ardupilot,STABILIZE,20260411_104957_ardupilot_manual_alternating_pulse_train_throttle_r1,0.0,0.013463813419302213,0.013463813419302213
7732,ardupilot,STABILIZE,20260411_104957_ardupilot_manual_alternating_pulse_train_throttle_r1,0.0,0.013463813419302213,0.013463813419302213
7733,ardupilot,STABILIZE,20260411_104957_ardupilot_manual_alternating_pulse_train_throttle_r1,0.0,0.013463813419302213,0.013463813419302213
7734,ardupilot,STABILIZE,20260411_104957_ardupilot_manual_alternating_pulse_train_throttle_r1,0.0,0.013463813419302213,0.013463813419302213
7735,ardupilot,STABILIZE,20260411_104957_ardupilot_manual_alternating_pulse_train_throttle_r1,0.0,0.013463813419302213,0.013463813419302213
7736,ardupilot,STABILIZE,20260411_104957_ardupilot_manual_alternating_pulse_train_throttle_r1,0.0,0.05934378449675154,0.05934378449675154
7737,ardupilot,STABILIZE,20260411_104957_ardupilot_manual_alternating_pulse_train_throttle_r1,0.0,0.05115319947041185,0.05115319947041185
7738,ardupilot,STABILIZE,20260411_104957_ardupilot_manual_alternating_pulse_train_throttle_r1,0.0,0.044340470935566936,0.044340470935566936
7739,ardupilot,STABILIZE,20260411_104957_ardupilot_manual_alternating_pulse_train_throttle_r1,0.0,0.03869646023562515,0.03869646023562515
7740,ardupilot,STABILIZE,20260411_104957_ardupilot_manual_alternating_pulse_train_throttle_r1,0.0,0.03869646023562515,0.03869646023562515
7741,ardupilot,STABILIZE,20260411_104957_ardupilot_manual_alternating_pulse_train_throttle_r1,0.0,0.03869646023562515,0.03869646023562515
7742,ardupilot,STABILIZE,20260411_104957_ardupilot_manual_alternating_pulse_train_throttle_r1,0.0,0.03869646023562515,0.03869646023562515
7743,ardupilot,STABILIZE,20260411_104957_ardupilot_manual_alternating_pulse_train_throttle_r1,0.0,0.007184700534491046,0.007184700534491046
7744,ardupilot,STABILIZE,20260411_104957_ardupilot_manual_alternating_pulse_train_throttle_r1,0.0,0.0010109113388521674,0.0010109113388521674
7745,ardupilot,STABILIZE,20260411_104957_ardupilot_manual_alternating_pulse_train_throttle_r1,0.0,0.007819921304634577,0.007819921304634577
7746,ardupilot,STABILIZE,20260411_104957_ardupilot_manual_alternating_pulse_train_throttle_r1,0.0,0.013463813419302213,0.013463813419302213
7747,ardupilot,STABILIZE,20260411_104957_ardupilot_manual_alternating_pulse_train_throttle_r1,0.0,0.013463813419302213,0.013463813419302213
7748,ardupilot,STABILIZE,20260411_104957_ardupilot_manual_alternating_pulse_train_throttle_r1,0.0,0.013463813419302213,0.013463813419302213
7749,ardupilot,STABILIZE,20260411_104957_ardupilot_manual_alternating_pulse_train_throttle_r1,0.0,0.013463813419302213,0.013463813419302213
7750,ardupilot,STABILIZE,20260411_104957_ardupilot_manual_alternating_pulse_train_throttle_r1,0.0,0.013463813419302213,0.013463813419302213
7751,ardupilot,STABILIZE,20260411_104957_ardupilot_manual_alternating_pulse_train_throttle_r1,0.0,0.013463813419302213,0.013463813419302213
7752,ardupilot,STABILIZE,20260411_104957_ardupilot_manual_alternating_pulse_train_throttle_r1,0.0,0.013463813419302213,0.013463813419302213
7753,ardupilot,STABILIZE,20260411_104957_ardupilot_manual_alternating_pulse_train_throttle_r1,0.0,0.013463813419302213,0.013463813419302213
7754,ardupilot,STABILIZE,20260411_104957_ardupilot_manual_alternating_pulse_train_throttle_r1,0.0,0.013463813419302213,0.013463813419302213
7755,ardupilot,STABILIZE,20260411_104957_ardupilot_manual_alternating_pulse_train_throttle_r1,0.0,0.013463813419302213,0.013463813419302213
7756,ardupilot,STABILIZE,20260411_104957_ardupilot_manual_alternating_pulse_train_throttle_r1,0.0,0.013463813419302213,0.013463813419302213
7757,ardupilot,STABILIZE,20260411_104957_ardupilot_manual_alternating_pulse_train_throttle_r1,0.0,0.013463813419302213,0.013463813419302213
7758,ardupilot,STABILIZE,20260411_104957_ardupilot_manual_alternating_pulse_train_throttle_r1,0.0,0.013463813419302213,0.013463813419302213
7759,ardupilot,STABILIZE,20260411_104957_ardupilot_manual_alternating_pulse_train_throttle_r1,0.0,0.013463813419302213,0.013463813419302213
7760,ardupilot,STABILIZE,20260411_104957_ardupilot_manual_alternating_pulse_train_throttle_r1,0.0,0.013463813419302213,0.013463813419302213
7761,ardupilot,STABILIZE,20260411_104957_ardupilot_manual_alternating_pulse_train_throttle_r1,0.0,0.013463813419302213,0.013463813419302213
7762,ardupilot,STABILIZE,20260411_104957_ardupilot_manual_alternating_pulse_train_throttle_r1,0.0,0.013463813419302213,0.013463813419302213
7763,ardupilot,STABILIZE,20260411_104957_ardupilot_manual_alternating_pulse_train_throttle_r1,0.0,0.013463813419302213,0.013463813419302213
7764,ardupilot,STABILIZE,20260411_104957_ardupilot_manual_alternating_pulse_train_throttle_r1,0.0,0.013463813419302213,0.013463813419302213
7765,ardupilot,STABILIZE,20260411_104957_ardupilot_manual_alternating_pulse_train_throttle_r1,0.0,0.013463813419302213,0.013463813419302213
7766,ardupilot,STABILIZE,20260411_104957_ardupilot_manual_alternating_pulse_train_throttle_r1,0.0,0.013463813419302213,0.013463813419302213
7767,ardupilot,STABILIZE,20260411_104957_ardupilot_manual_alternating_pulse_train_throttle_r1,0.0,0.013463813419302213,0.013463813419302213
7768,ardupilot,STABILIZE,20260411_104957_ardupilot_manual_alternating_pulse_train_throttle_r1,0.0,0.013463813419302213,0.013463813419302213
7769,ardupilot,STABILIZE,20260411_104957_ardupilot_manual_alternating_pulse_train_throttle_r1,0.0,0.013463813419302213,0.013463813419302213
7770,ardupilot,STABILIZE,20260411_104957_ardupilot_manual_alternating_pulse_train_throttle_r1,0.0,0.013463813419302213,0.013463813419302213
7771,ardupilot,STABILIZE,20260411_104957_ardupilot_manual_alternating_pulse_train_throttle_r1,0.0,0.013463813419302213,0.013463813419302213
7772,ardupilot,STABILIZE,20260411_104957_ardupilot_manual_alternating_pulse_train_throttle_r1,0.0,0.013463813419302213,0.013463813419302213
7773,ardupilot,STABILIZE,20260411_104957_ardupilot_manual_alternating_pulse_train_throttle_r1,0.0,0.013463813419302213,0.013463813419302213
7774,ardupilot,STABILIZE,20260411_104957_ardupilot_manual_alternating_pulse_train_throttle_r1,0.0,0.013463813419302213,0.013463813419302213
7775,ardupilot,STABILIZE,20260411_104957_ardupilot_manual_alternating_pulse_train_throttle_r1,0.0,0.013463813419302213,0.013463813419302213
7776,ardupilot,STABILIZE,20260411_104957_ardupilot_manual_alternating_pulse_train_throttle_r1,0.0,0.013463813419302213,0.013463813419302213
7777,ardupilot,STABILIZE,20260411_104957_ardupilot_manual_alternating_pulse_train_throttle_r1,0.0,0.013463813419302213,0.013463813419302213
7778,ardupilot,STABILIZE,20260411_104957_ardupilot_manual_alternating_pulse_train_throttle_r1,0.0,0.013463813419302213,0.013463813419302213
7779,ardupilot,STABILIZE,20260411_104957_ardupilot_manual_alternating_pulse_train_throttle_r1,0.0,0.013463813419302213,0.013463813419302213
7780,ardupilot,STABILIZE,20260411_104957_ardupilot_manual_alternating_pulse_train_throttle_r1,0.0,0.013463813419302213,0.013463813419302213
7781,ardupilot,STABILIZE,20260411_104957_ardupilot_manual_alternating_pulse_train_throttle_r1,0.0,0.013463813419302213,0.013463813419302213
7782,ardupilot,STABILIZE,20260411_104957_ardupilot_manual_alternating_pulse_train_throttle_r1,0.0,0.013463813419302213,0.013463813419302213
7783,ardupilot,STABILIZE,20260411_104957_ardupilot_manual_alternating_pulse_train_throttle_r1,0.0,0.013463813419302213,0.013463813419302213
7784,ardupilot,STABILIZE,20260411_104957_ardupilot_manual_alternating_pulse_train_throttle_r1,0.0,0.013463813419302213,0.013463813419302213
7785,ardupilot,STABILIZE,20260411_104957_ardupilot_manual_alternating_pulse_train_throttle_r1,0.0,0.013463813419302213,0.013463813419302213
7786,ardupilot,STABILIZE,20260411_104957_ardupilot_manual_alternating_pulse_train_throttle_r1,0.0,0.013463813419302213,0.013463813419302213
7787,ardupilot,STABILIZE,20260411_104957_ardupilot_manual_alternating_pulse_train_throttle_r1,0.0,0.013463813419302213,0.013463813419302213
7788,ardupilot,STABILIZE,20260411_104957_ardupilot_manual_alternating_pulse_train_throttle_r1,0.0,0.013463813419302213,0.013463813419302213
7789,ardupilot,STABILIZE,20260411_104957_ardupilot_manual_alternating_pulse_train_throttle_r1,0.0,0.013463813419302213,0.013463813419302213
7790,ardupilot,STABILIZE,20260411_104957_ardupilot_manual_alternating_pulse_train_throttle_r1,0.0,0.013463813419302213,0.013463813419302213
7791,ardupilot,STABILIZE,20260411_104957_ardupilot_manual_alternating_pulse_train_throttle_r1,0.0,0.013463813419302213,0.013463813419302213
7792,ardupilot,STABILIZE,20260411_104957_ardupilot_manual_alternating_pulse_train_throttle_r1,0.0,0.013463813419302213,0.013463813419302213
7793,ardupilot,STABILIZE,20260411_104957_ardupilot_manual_alternating_pulse_train_throttle_r1,0.0,0.013463813419302213,0.013463813419302213
7794,ardupilot,STABILIZE,20260411_104957_ardupilot_manual_alternating_pulse_train_throttle_r1,0.0,0.013463813419302213,0.013463813419302213
7795,ardupilot,STABILIZE,20260411_104957_ardupilot_manual_alternating_pulse_train_throttle_r1,0.0,0.013463813419302213,0.013463813419302213
7796,ardupilot,STABILIZE,20260411_104957_ardupilot_manual_alternating_pulse_train_throttle_r1,0.0,0.013463813419302213,0.013463813419302213
7797,ardupilot,STABILIZE,20260411_104957_ardupilot_manual_alternating_pulse_train_throttle_r1,0.0,0.013463813419302213,0.013463813419302213
7798,ardupilot,STABILIZE,20260411_104957_ardupilot_manual_alternating_pulse_train_throttle_r1,0.0,0.013463813419302213,0.013463813419302213
7799,ardupilot,STABILIZE,20260411_104957_ardupilot_manual_alternating_pulse_train_throttle_r1,0.0,0.013463813419302213,0.013463813419302213
7800,ardupilot,STABILIZE,20260411_104957_ardupilot_manual_alternating_pulse_train_throttle_r1,0.0,0.013463813419302213,0.013463813419302213
7801,ardupilot,STABILIZE,20260411_104957_ardupilot_manual_alternating_pulse_train_throttle_r1,0.0,0.013463813419302213,0.013463813419302213
7802,ardupilot,STABILIZE,20260411_104957_ardupilot_manual_alternating_pulse_train_throttle_r1,0.0,0.013463813419302213,0.013463813419302213
7803,ardupilot,STABILIZE,20260411_104957_ardupilot_manual_alternating_pulse_train_throttle_r1,0.0,0.013463813419302213,0.013463813419302213
7804,ardupilot,STABILIZE,20260411_104957_ardupilot_manual_alternating_pulse_train_throttle_r1,0.0,0.013463813419302213,0.013463813419302213
7805,ardupilot,STABILIZE,20260411_104957_ardupilot_manual_alternating_pulse_train_throttle_r1,0.0,0.013463813419302213,0.013463813419302213
7806,ardupilot,STABILIZE,20260411_104957_ardupilot_manual_alternating_pulse_train_throttle_r1,0.0,0.013463813419302213,0.013463813419302213
7807,ardupilot,STABILIZE,20260411_104957_ardupilot_manual_alternating_pulse_train_throttle_r1,0.0,0.013463813419302213,0.013463813419302213
7808,ardupilot,STABILIZE,20260411_104957_ardupilot_manual_alternating_pulse_train_throttle_r1,0.0,0.013463813419302213,0.013463813419302213
7809,ardupilot,STABILIZE,20260411_104957_ardupilot_manual_alternating_pulse_train_throttle_r1,0.0,0.013463813419302213,0.013463813419302213
7810,ardupilot,STABILIZE,20260411_104957_ardupilot_manual_alternating_pulse_train_throttle_r1,0.0,0.013463813419302213,0.013463813419302213
7811,ardupilot,STABILIZE,20260411_104957_ardupilot_manual_alternating_pulse_train_throttle_r1,0.0,0.013463813419302213,0.013463813419302213
7812,ardupilot,STABILIZE,20260411_104957_ardupilot_manual_alternating_pulse_train_throttle_r1,0.0,0.013463813419302213,0.013463813419302213
7813,ardupilot,STABILIZE,20260411_104957_ardupilot_manual_alternating_pulse_train_throttle_r1,0.0,0.013463813419302213,0.013463813419302213
7814,ardupilot,STABILIZE,20260411_104957_ardupilot_manual_alternating_pulse_train_throttle_r1,0.0,0.013463813419302213,0.013463813419302213
7815,ardupilot,STABILIZE,20260411_104957_ardupilot_manual_alternating_pulse_train_throttle_r1,0.0,0.013320157264517818,0.013320157264517818
7816,ardupilot,STABILIZE,20260411_104957_ardupilot_manual_alternating_pulse_train_throttle_r1,0.0,0.013320157264517818,0.013320157264517818
7817,ardupilot,STABILIZE,20260411_104957_ardupilot_manual_alternating_pulse_train_throttle_r1,0.0,0.013376329208873553,0.013376329208873553
7818,ardupilot,STABILIZE,20260411_104957_ardupilot_manual_alternating_pulse_train_throttle_r1,0.0,0.013475942335673735,0.013475942335673735
7819,ardupilot,STABILIZE,20260411_104957_ardupilot_manual_alternating_pulse_train_throttle_r1,0.0,0.013475942335673735,0.013475942335673735
7820,ardupilot,STABILIZE,20260411_104957_ardupilot_manual_alternating_pulse_train_throttle_r1,0.0,0.013475942335673735,0.013475942335673735
7821,ardupilot,STABILIZE,20260411_104957_ardupilot_manual_alternating_pulse_train_throttle_r1,0.0,0.013475942335673735,0.013475942335673735
7822,ardupilot,STABILIZE,20260411_104957_ardupilot_manual_alternating_pulse_train_throttle_r1,0.0,0.013475942335673735,0.013475942335673735
7823,ardupilot,STABILIZE,20260411_104957_ardupilot_manual_alternating_pulse_train_throttle_r1,0.0,0.013475942335673735,0.013475942335673735
7824,ardupilot,STABILIZE,20260411_104957_ardupilot_manual_alternating_pulse_train_throttle_r1,0.0,0.013475942335673735,0.013475942335673735
7825,ardupilot,STABILIZE,20260411_104957_ardupilot_manual_alternating_pulse_train_throttle_r1,0.0,0.013475942335673735,0.013475942335673735
7826,ardupilot,STABILIZE,20260411_104957_ardupilot_manual_alternating_pulse_train_throttle_r1,0.0,0.013475942335673735,0.013475942335673735
7827,ardupilot,STABILIZE,20260411_104957_ardupilot_manual_alternating_pulse_train_throttle_r1,0.0,0.013475942335673735,0.013475942335673735
7828,ardupilot,STABILIZE,20260411_104957_ardupilot_manual_alternating_pulse_train_throttle_r1,0.0,0.013475942335673735,0.013475942335673735
7829,ardupilot,STABILIZE,20260411_104957_ardupilot_manual_alternating_pulse_train_throttle_r1,0.0,0.013475942335673735,0.013475942335673735
7830,ardupilot,STABILIZE,20260411_104957_ardupilot_manual_alternating_pulse_train_throttle_r1,0.0,0.013475942335673735,0.013475942335673735
8216,ardupilot,GUIDED_NOGPS,20260411_105140_ardupilot_attitude_alternating_pulse_train_throttle_r1,1.1750004255318378,1.1619783434444504,0.013041078921084547
8217,ardupilot,GUIDED_NOGPS,20260411_105140_ardupilot_attitude_alternating_pulse_train_throttle_r1,1.1750004255318378,1.1619783434444504,0.013041078921084547
8218,ardupilot,GUIDED_NOGPS,20260411_105140_ardupilot_attitude_alternating_pulse_train_throttle_r1,1.1750004255318378,1.1619783434444504,0.013041078921084547
8219,ardupilot,GUIDED_NOGPS,20260411_105140_ardupilot_attitude_alternating_pulse_train_throttle_r1,1.1750004255318378,1.1619783434444504,0.013041078921084547
8220,ardupilot,GUIDED_NOGPS,20260411_105140_ardupilot_attitude_alternating_pulse_train_throttle_r1,1.1750004255318378,1.1619783434444504,0.013041078921084547
8221,ardupilot,GUIDED_NOGPS,20260411_105140_ardupilot_attitude_alternating_pulse_train_throttle_r1,1.1750004255318378,1.1619783434444504,0.013041078921084547
8222,ardupilot,GUIDED_NOGPS,20260411_105140_ardupilot_attitude_alternating_pulse_train_throttle_r1,1.1750004255318378,1.1619783434444504,0.013041078921084547
8223,ardupilot,GUIDED_NOGPS,20260411_105140_ardupilot_attitude_alternating_pulse_train_throttle_r1,1.1750004255318378,1.1619783434444504,0.013041078921084547
8224,ardupilot,GUIDED_NOGPS,20260411_105140_ardupilot_attitude_alternating_pulse_train_throttle_r1,1.1750004255318378,1.1618346872693204,0.013184518525666078
8225,ardupilot,GUIDED_NOGPS,20260411_105140_ardupilot_attitude_alternating_pulse_train_throttle_r1,1.1750004255318378,1.1618346872693204,0.013184518525666078
8226,ardupilot,GUIDED_NOGPS,20260411_105140_ardupilot_attitude_alternating_pulse_train_throttle_r1,1.1750004255318378,1.1618908591890578,0.013128422481538515
8227,ardupilot,GUIDED_NOGPS,20260411_105140_ardupilot_attitude_alternating_pulse_train_throttle_r1,1.1750004255318378,1.1619904717484966,0.013028964419742672
8228,ardupilot,GUIDED_NOGPS,20260411_105140_ardupilot_attitude_alternating_pulse_train_throttle_r1,1.1750004255318378,1.1619904717484966,0.013028964419742672
8229,ardupilot,GUIDED_NOGPS,20260411_105140_ardupilot_attitude_alternating_pulse_train_throttle_r1,1.1750004255318378,1.1619904717484966,0.013028964419742672
8230,ardupilot,GUIDED_NOGPS,20260411_105140_ardupilot_attitude_alternating_pulse_train_throttle_r1,1.1750004255318378,1.1619904717484966,0.013028964419742672
8231,ardupilot,GUIDED_NOGPS,20260411_105140_ardupilot_attitude_alternating_pulse_train_throttle_r1,1.1750004255318378,1.1619904717484966,0.013028964419742672
8232,ardupilot,GUIDED_NOGPS,20260411_105140_ardupilot_attitude_alternating_pulse_train_throttle_r1,1.1750004255318378,1.1619904717484966,0.013028964419742672
8233,ardupilot,GUIDED_NOGPS,20260411_105140_ardupilot_attitude_alternating_pulse_train_throttle_r1,1.1750004255318378,1.2327929431766946,0.057797320124266915
8234,ardupilot,GUIDED_NOGPS,20260411_105140_ardupilot_attitude_alternating_pulse_train_throttle_r1,1.1750004255318378,1.2201530964497154,0.045158751155466054
8235,ardupilot,GUIDED_NOGPS,20260411_105140_ardupilot_attitude_alternating_pulse_train_throttle_r1,1.1750004255318378,1.2096395349381646,0.034647017227218684
8236,ardupilot,GUIDED_NOGPS,20260411_105140_ardupilot_attitude_alternating_pulse_train_throttle_r1,1.1750004255318378,1.2007858435135912,0.02579610469043273
8237,ardupilot,GUIDED_NOGPS,20260411_105140_ardupilot_attitude_alternating_pulse_train_throttle_r1,1.1750004255318378,1.2007858435135912,0.02579610469043273
8238,ardupilot,GUIDED_NOGPS,20260411_105140_ardupilot_attitude_alternating_pulse_train_throttle_r1,1.1750004255318378,1.2008420154454662,0.02585225167940125
8239,ardupilot,GUIDED_NOGPS,20260411_105140_ardupilot_attitude_alternating_pulse_train_throttle_r1,1.1750004255318378,1.1301391552140345,0.044866710239403605
8240,ardupilot,GUIDED_NOGPS,20260411_105140_ardupilot_attitude_alternating_pulse_train_throttle_r1,1.1750004255318378,1.1427789996421158,0.032229008672971675
8241,ardupilot,GUIDED_NOGPS,20260411_105140_ardupilot_attitude_alternating_pulse_train_throttle_r1,1.1750004255318378,1.1532925616287106,0.02171917120642282
8242,ardupilot,GUIDED_NOGPS,20260411_105140_ardupilot_attitude_alternating_pulse_train_throttle_r1,1.1750004255318378,1.162002600052631,0.013016849951477906
8243,ardupilot,GUIDED_NOGPS,20260411_105140_ardupilot_attitude_alternating_pulse_train_throttle_r1,1.1750004255318378,1.1623489802250497,0.012671044435362478
8244,ardupilot,GUIDED_NOGPS,20260411_105140_ardupilot_attitude_alternating_pulse_train_throttle_r1,1.1750004255318378,1.1623489802250497,0.012671044435362478
8245,ardupilot,GUIDED_NOGPS,20260411_105140_ardupilot_attitude_alternating_pulse_train_throttle_r1,1.1750004255318378,1.1623489802250497,0.012671044435362478
8246,ardupilot,GUIDED_NOGPS,20260411_105140_ardupilot_attitude_alternating_pulse_train_throttle_r1,1.1750004255318378,1.1624939474767846,0.012526362631536185
8247,ardupilot,GUIDED_NOGPS,20260411_105140_ardupilot_attitude_alternating_pulse_train_throttle_r1,1.1750004255318378,1.162350291301973,0.01266978340138509
8248,ardupilot,GUIDED_NOGPS,20260411_105140_ardupilot_attitude_alternating_pulse_train_throttle_r1,1.1750004255318378,1.162350291301973,0.01266978340138509
8249,ardupilot,GUIDED_NOGPS,20260411_105140_ardupilot_attitude_alternating_pulse_train_throttle_r1,1.1750004255318378,1.1624064632207889,0.012613694237957494
8250,ardupilot,GUIDED_NOGPS,20260411_105140_ardupilot_attitude_alternating_pulse_train_throttle_r1,1.1750004255318378,1.1625060757774754,0.012514249246391752
8251,ardupilot,GUIDED_NOGPS,20260411_105140_ardupilot_attitude_alternating_pulse_train_throttle_r1,1.1750004255318378,1.1625060757774754,0.012514249246391752
8252,ardupilot,GUIDED_NOGPS,20260411_105140_ardupilot_attitude_alternating_pulse_train_throttle_r1,1.1750004255318378,1.0917036057258818,0.08329946567544223
8253,ardupilot,GUIDED_NOGPS,20260411_105140_ardupilot_attitude_alternating_pulse_train_throttle_r1,1.1750004255318378,1.1043434554177483,0.07066018106495021
8254,ardupilot,GUIDED_NOGPS,20260411_105140_ardupilot_attitude_alternating_pulse_train_throttle_r1,1.1750004255318378,1.1148570225257064,0.06014729463378462
8255,ardupilot,GUIDED_NOGPS,20260411_105140_ardupilot_attitude_alternating_pulse_train_throttle_r1,1.1750004255318378,1.1235670661170079,0.05143806570489447
8256,ardupilot,GUIDED_NOGPS,20260411_105140_ardupilot_attitude_alternating_pulse_train_throttle_r1,1.1750004255318378,1.1235670661170079,0.05143806570489447
8257,ardupilot,GUIDED_NOGPS,20260411_105140_ardupilot_attitude_alternating_pulse_train_throttle_r1,1.1750004255318378,1.1235670661170079,0.05143806570489447
8258,ardupilot,GUIDED_NOGPS,20260411_105140_ardupilot_attitude_alternating_pulse_train_throttle_r1,1.1750004255318378,1.1235670661170079,0.05143806570489447
8259,ardupilot,GUIDED_NOGPS,20260411_105140_ardupilot_attitude_alternating_pulse_train_throttle_r1,1.1750004255318378,1.1943695338753626,0.019382930069100926
8260,ardupilot,GUIDED_NOGPS,20260411_105140_ardupilot_attitude_alternating_pulse_train_throttle_r1,1.1750004255318378,1.1817296822909409,0.006767650897289787
8261,ardupilot,GUIDED_NOGPS,20260411_105140_ardupilot_attitude_alternating_pulse_train_throttle_r1,1.1750004255318378,1.1712161159449581,0.003850536020988667
8262,ardupilot,GUIDED_NOGPS,20260411_105140_ardupilot_attitude_alternating_pulse_train_throttle_r1,1.1750004255318378,1.1625060757774754,0.012514249246391752
8263,ardupilot,GUIDED_NOGPS,20260411_105140_ardupilot_attitude_alternating_pulse_train_throttle_r1,1.1750004255318378,1.1625060757774754,0.012514249246391752
8264,ardupilot,GUIDED_NOGPS,20260411_105140_ardupilot_attitude_alternating_pulse_train_throttle_r1,1.1750004255318378,1.1625060757774754,0.012514249246391752
8265,ardupilot,GUIDED_NOGPS,20260411_105140_ardupilot_attitude_alternating_pulse_train_throttle_r1,1.1750004255318378,1.1625060757774754,0.012514249246391752
8266,ardupilot,GUIDED_NOGPS,20260411_105140_ardupilot_attitude_alternating_pulse_train_throttle_r1,1.1750004255318378,1.162362419602669,0.01265766962200246
8267,ardupilot,GUIDED_NOGPS,20260411_105140_ardupilot_attitude_alternating_pulse_train_throttle_r1,1.1750004255318378,1.1617891374174487,0.013230064190323756
8268,ardupilot,GUIDED_NOGPS,20260411_105140_ardupilot_attitude_alternating_pulse_train_throttle_r1,1.1750004255318378,1.1608397161172594,0.014178162184986279
8269,ardupilot,GUIDED_NOGPS,20260411_105140_ardupilot_attitude_alternating_pulse_train_throttle_r1,1.1750004255318378,1.1601584231325694,0.014858588865250762
8270,ardupilot,GUIDED_NOGPS,20260411_105140_ardupilot_attitude_alternating_pulse_train_throttle_r1,1.1750004255318378,1.1600812110524892,0.014935670409704203
8271,ardupilot,GUIDED_NOGPS,20260411_105140_ardupilot_attitude_alternating_pulse_train_throttle_r1,1.1750004255318378,1.2311144333735524,0.05611891240600397
8272,ardupilot,GUIDED_NOGPS,20260411_105140_ardupilot_attitude_alternating_pulse_train_throttle_r1,1.1750004255318378,1.2187906249393694,0.04379640744169316
8273,ardupilot,GUIDED_NOGPS,20260411_105140_ardupilot_attitude_alternating_pulse_train_throttle_r1,1.1750004255318378,1.2077796020094358,0.032787421539134345
8274,ardupilot,GUIDED_NOGPS,20260411_105140_ardupilot_attitude_alternating_pulse_train_throttle_r1,1.1750004255318378,1.1989358083231039,0.02394673171201766
8275,ardupilot,GUIDED_NOGPS,20260411_105140_ardupilot_attitude_alternating_pulse_train_throttle_r1,1.1750004255318378,1.1966914981168217,0.021703455720735596
8276,ardupilot,GUIDED_NOGPS,20260411_105140_ardupilot_attitude_alternating_pulse_train_throttle_r1,1.1750004255318378,1.1937561549909932,0.018769895246694764
8277,ardupilot,GUIDED_NOGPS,20260411_105140_ardupilot_attitude_alternating_pulse_train_throttle_r1,1.1750004255318378,1.1921300572556692,0.017144932172865116
8278,ardupilot,GUIDED_NOGPS,20260411_105140_ardupilot_attitude_alternating_pulse_train_throttle_r1,1.1750004255318378,1.122730836279636,0.052274024012594955
8279,ardupilot,GUIDED_NOGPS,20260411_105140_ardupilot_attitude_alternating_pulse_train_throttle_r1,1.1750004255318378,1.1379997994511193,0.03700694212061305
8280,ardupilot,GUIDED_NOGPS,20260411_105140_ardupilot_attitude_alternating_pulse_train_throttle_r1,1.1750004255318378,1.151172238302531,0.023838124920277887
8281,ardupilot,GUIDED_NOGPS,20260411_105140_ardupilot_attitude_alternating_pulse_train_throttle_r1,1.1750004255318378,1.1621395714878553,0.012879454748161564
8282,ardupilot,GUIDED_NOGPS,20260411_105140_ardupilot_attitude_alternating_pulse_train_throttle_r1,1.1750004255318378,1.1638363579149003,0.01118566850301707
8283,ardupilot,GUIDED_NOGPS,20260411_105140_ardupilot_attitude_alternating_pulse_train_throttle_r1,1.1750004255318378,1.1646773664463832,0.010346481865012674
8284,ardupilot,GUIDED_NOGPS,20260411_105140_ardupilot_attitude_alternating_pulse_train_throttle_r1,1.1750004255318378,1.1650299658021057,0.009994807851664126
8285,ardupilot,GUIDED_NOGPS,20260411_105140_ardupilot_attitude_alternating_pulse_train_throttle_r1,1.1750004255318378,1.165141898079945,0.009883146092297403
8286,ardupilot,GUIDED_NOGPS,20260411_105140_ardupilot_attitude_alternating_pulse_train_throttle_r1,1.1750004255318378,1.165425701745231,0.00960015814894181
8287,ardupilot,GUIDED_NOGPS,20260411_105140_ardupilot_attitude_alternating_pulse_train_throttle_r1,1.1750004255318378,1.1655198367773565,0.009506271495097616
8288,ardupilot,GUIDED_NOGPS,20260411_105140_ardupilot_attitude_alternating_pulse_train_throttle_r1,1.1750004255318378,1.1655903415188578,0.009436041401898706
8289,ardupilot,GUIDED_NOGPS,20260411_105140_ardupilot_attitude_alternating_pulse_train_throttle_r1,1.1750004255318378,1.1655784046046,0.009447933438729524
8290,ardupilot,GUIDED_NOGPS,20260411_105140_ardupilot_attitude_alternating_pulse_train_throttle_r1,1.1750004255318378,1.094745483935977,0.08025763706929746
8291,ardupilot,GUIDED_NOGPS,20260411_105140_ardupilot_attitude_alternating_pulse_train_throttle_r1,1.1750004255318378,1.1071804957505902,0.06782318569256557
8292,ardupilot,GUIDED_NOGPS,20260411_105140_ardupilot_attitude_alternating_pulse_train_throttle_r1,1.1750004255318378,1.1184239826841471,0.05658046076560821
8293,ardupilot,GUIDED_NOGPS,20260411_105140_ardupilot_attitude_alternating_pulse_train_throttle_r1,1.1750004255318378,1.127296688018644,0.04770864503321718
8294,ardupilot,GUIDED_NOGPS,20260411_105140_ardupilot_attitude_alternating_pulse_train_throttle_r1,1.1750004255318378,1.12734211188718,0.047663247359600744
8295,ardupilot,GUIDED_NOGPS,20260411_105140_ardupilot_attitude_alternating_pulse_train_throttle_r1,1.1750004255318378,1.1269448290224469,0.04806049316314276
8296,ardupilot,GUIDED_NOGPS,20260411_105140_ardupilot_attitude_alternating_pulse_train_throttle_r1,1.1750004255318378,1.1268713602299956,0.04813396197300277
8297,ardupilot,GUIDED_NOGPS,20260411_105140_ardupilot_attitude_alternating_pulse_train_throttle_r1,1.1750004255318378,1.1977462560025367,0.022757394672399563
8298,ardupilot,GUIDED_NOGPS,20260411_105140_ardupilot_attitude_alternating_pulse_train_throttle_r1,1.1750004255318378,1.1849522206089003,0.009977484455114533
8299,ardupilot,GUIDED_NOGPS,20260411_105140_ardupilot_attitude_alternating_pulse_train_throttle_r1,1.1750004255318378,1.174307715205296,0.0009915572351236292
8300,ardupilot,GUIDED_NOGPS,20260411_105140_ardupilot_attitude_alternating_pulse_train_throttle_r1,1.1750004255318378,1.1651989624794816,0.00982680533453852
8301,ardupilot,GUIDED_NOGPS,20260411_105140_ardupilot_attitude_alternating_pulse_train_throttle_r1,1.1750004255318378,1.164833708636094,0.010191174527306376
8302,ardupilot,GUIDED_NOGPS,20260411_105140_ardupilot_attitude_alternating_pulse_train_throttle_r1,1.1750004255318378,1.164178077545131,0.010845286934285719
8303,ardupilot,GUIDED_NOGPS,20260411_105140_ardupilot_attitude_alternating_pulse_train_throttle_r1,1.1750004255318378,1.1637385661797237,0.011283908589530947
8304,ardupilot,GUIDED_NOGPS,20260411_105140_ardupilot_attitude_alternating_pulse_train_throttle_r1,1.1750004255318378,1.1631797405454507,0.011841649786010995
8305,ardupilot,GUIDED_NOGPS,20260411_105140_ardupilot_attitude_alternating_pulse_train_throttle_r1,1.1750004255318378,1.162575443490039,0.012444912606718294
8306,ardupilot,GUIDED_NOGPS,20260411_105140_ardupilot_attitude_alternating_pulse_train_throttle_r1,1.1750004255318378,1.1620352055392533,0.012984272549164583
8307,ardupilot,GUIDED_NOGPS,20260411_105140_ardupilot_attitude_alternating_pulse_train_throttle_r1,1.1750004255318378,1.1614228763882908,0.013595702075203952
8308,ardupilot,GUIDED_NOGPS,20260411_105140_ardupilot_attitude_alternating_pulse_train_throttle_r1,1.1750004255318378,1.1611130488674883,0.0139050941744632
8309,ardupilot,GUIDED_NOGPS,20260411_105140_ardupilot_attitude_alternating_pulse_train_throttle_r1,1.1750004255318378,1.2312425265242484,0.05624699965528896
8310,ardupilot,GUIDED_NOGPS,20260411_105140_ardupilot_attitude_alternating_pulse_train_throttle_r1,1.1750004255318378,1.218573105844789,0.04357893909514834
8311,ardupilot,GUIDED_NOGPS,20260411_105140_ardupilot_attitude_alternating_pulse_train_throttle_r1,1.1750004255318378,1.208176961048538,0.033184731973358784
8312,ardupilot,GUIDED_NOGPS,20260411_105140_ardupilot_attitude_alternating_pulse_train_throttle_r1,1.1750004255318378,1.1996365764616286,0.024647290310912985
8313,ardupilot,GUIDED_NOGPS,20260411_105140_ardupilot_attitude_alternating_pulse_train_throttle_r1,1.1750004255318378,1.1995017510513792,0.02451251037928354
8314,ardupilot,GUIDED_NOGPS,20260411_105140_ardupilot_attitude_alternating_pulse_train_throttle_r1,1.1750004255318378,1.1993298640798669,0.024340698528651658
8315,ardupilot,GUIDED_NOGPS,20260411_105140_ardupilot_attitude_alternating_pulse_train_throttle_r1,1.1750004255318378,1.1992014980716494,0.02421237474796518
8316,ardupilot,GUIDED_NOGPS,20260411_105140_ardupilot_attitude_alternating_pulse_train_throttle_r1,1.1750004255318378,1.1283831669524627,0.046622449679450874
8317,ardupilot,GUIDED_NOGPS,20260411_105140_ardupilot_attitude_alternating_pulse_train_throttle_r1,1.1750004255318378,1.1410403512455933,0.03396717988852769
8318,ardupilot,GUIDED_NOGPS,20260411_105140_ardupilot_attitude_alternating_pulse_train_throttle_r1,1.1750004255318378,1.1516397416061495,0.023371040391485468
8319,ardupilot,GUIDED_NOGPS,20260411_105140_ardupilot_attitude_alternating_pulse_train_throttle_r1,1.1750004255318378,1.1605095161399008,0.01450766003896876
8320,ardupilot,GUIDED_NOGPS,20260411_105140_ardupilot_attitude_alternating_pulse_train_throttle_r1,1.1750004255318378,1.1608850982813002,0.014132549358159626
8321,ardupilot,GUIDED_NOGPS,20260411_105140_ardupilot_attitude_alternating_pulse_train_throttle_r1,1.1750004255318378,1.1612652674429196,0.013752851231065222
8322,ardupilot,GUIDED_NOGPS,20260411_105140_ardupilot_attitude_alternating_pulse_train_throttle_r1,1.1750004255318378,1.1617164496291432,0.013302315282820826
8323,ardupilot,GUIDED_NOGPS,20260411_105140_ardupilot_attitude_alternating_pulse_train_throttle_r1,1.1750004255318378,1.162203420722496,0.012816049036354294
8324,ardupilot,GUIDED_NOGPS,20260411_105140_ardupilot_attitude_alternating_pulse_train_throttle_r1,1.1750004255318378,1.1627746127033225,0.012245814713496929
8325,ardupilot,GUIDED_NOGPS,20260411_105140_ardupilot_attitude_alternating_pulse_train_throttle_r1,1.1750004255318378,1.163179895491629,0.011841236859236746
8326,ardupilot,GUIDED_NOGPS,20260411_105140_ardupilot_attitude_alternating_pulse_train_throttle_r1,1.1750004255318378,1.1635700699915517,0.011451840081321251
8327,ardupilot,GUIDED_NOGPS,20260411_105140_ardupilot_attitude_alternating_pulse_train_throttle_r1,1.1750004255318378,1.163861298943692,0.011161144496505702
8328,ardupilot,GUIDED_NOGPS,20260411_105140_ardupilot_attitude_alternating_pulse_train_throttle_r1,1.1750004255318378,1.1639428649687922,0.011079842516870496
8329,ardupilot,GUIDED_NOGPS,20260411_105140_ardupilot_attitude_alternating_pulse_train_throttle_r1,1.1750004255318378,1.1639145992358764,0.011108053001794379
8330,ardupilot,GUIDED_NOGPS,20260411_105140_ardupilot_attitude_alternating_pulse_train_throttle_r1,1.1750004255318378,1.1637930032539952,0.011229439079215829
8331,ardupilot,GUIDED_NOGPS,20260411_105140_ardupilot_attitude_alternating_pulse_train_throttle_r1,1.1750004255318378,1.163929724905959,0.011092989262821271
8332,ardupilot,GUIDED_NOGPS,20260411_105140_ardupilot_attitude_alternating_pulse_train_throttle_r1,1.1750004255318378,1.163651933309941,0.01137026302307858
8333,ardupilot,GUIDED_NOGPS,20260411_105140_ardupilot_attitude_alternating_pulse_train_throttle_r1,1.1750004255318378,1.1633112461194233,0.011710290571428101
8334,ardupilot,GUIDED_NOGPS,20260411_105140_ardupilot_attitude_alternating_pulse_train_throttle_r1,1.1750004255318378,1.162917577521089,0.012103259035293584
8335,ardupilot,GUIDED_NOGPS,20260411_105140_ardupilot_attitude_alternating_pulse_train_throttle_r1,1.1750004255318378,1.1629191005763224,0.012101733680323233
8336,ardupilot,GUIDED_NOGPS,20260411_105140_ardupilot_attitude_alternating_pulse_train_throttle_r1,1.1750004255318378,1.1626856525465565,0.01233480759587491
8337,ardupilot,GUIDED_NOGPS,20260411_105140_ardupilot_attitude_alternating_pulse_train_throttle_r1,1.1750004255318378,1.1626857110429083,0.012334741652448961
8338,ardupilot,GUIDED_NOGPS,20260411_105140_ardupilot_attitude_alternating_pulse_train_throttle_r1,1.1750004255318378,1.1625226594666656,0.012497502699148715
8339,ardupilot,GUIDED_NOGPS,20260411_105140_ardupilot_attitude_alternating_pulse_train_throttle_r1,1.1750004255318378,1.1625026880867533,0.012517486342370715
8340,ardupilot,GUIDED_NOGPS,20260411_105140_ardupilot_attitude_alternating_pulse_train_throttle_r1,1.1750004255318378,1.1623453330162568,0.012674535172677154
8341,ardupilot,GUIDED_NOGPS,20260411_105140_ardupilot_attitude_alternating_pulse_train_throttle_r1,1.1750004255318378,1.1622154816239003,0.012804202384223628
8342,ardupilot,GUIDED_NOGPS,20260411_105140_ardupilot_attitude_alternating_pulse_train_throttle_r1,1.1750004255318378,1.1621577115450428,0.01286187024425044
8343,ardupilot,GUIDED_NOGPS,20260411_105140_ardupilot_attitude_alternating_pulse_train_throttle_r1,1.1750004255318378,1.1620722877692595,0.012947213934134866
8344,ardupilot,GUIDED_NOGPS,20260411_105140_ardupilot_attitude_alternating_pulse_train_throttle_r1,1.1750004255318378,1.1621501678849393,0.012869389572524651
8345,ardupilot,GUIDED_NOGPS,20260411_105140_ardupilot_attitude_alternating_pulse_train_throttle_r1,1.1750004255318378,1.1620753899936291,0.012944063350850517
8346,ardupilot,GUIDED_NOGPS,20260411_105140_ardupilot_attitude_alternating_pulse_train_throttle_r1,1.1750004255318378,1.1619704268968314,0.01304885796438494
8347,ardupilot,GUIDED_NOGPS,20260411_105140_ardupilot_attitude_alternating_pulse_train_throttle_r1,1.1750004255318378,1.1618971135669067,0.013122075039169295
8348,ardupilot,GUIDED_NOGPS,20260411_105140_ardupilot_attitude_alternating_pulse_train_throttle_r1,1.1750004255318378,1.1618950404300363,0.01312410740007318
8349,ardupilot,GUIDED_NOGPS,20260411_105140_ardupilot_attitude_alternating_pulse_train_throttle_r1,1.1750004255318378,1.1619072764680165,0.01311194130908145
8350,ardupilot,GUIDED_NOGPS,20260411_105140_ardupilot_attitude_alternating_pulse_train_throttle_r1,1.1750004255318378,1.1618857136554541,0.013133409262166842
8351,ardupilot,GUIDED_NOGPS,20260411_105140_ardupilot_attitude_alternating_pulse_train_throttle_r1,1.1750004255318378,1.1617934966811476,0.013225495728852775
8352,ardupilot,GUIDED_NOGPS,20260411_105140_ardupilot_attitude_alternating_pulse_train_throttle_r1,1.1750004255318378,1.1617661339522338,0.013252824576610084
8353,ardupilot,GUIDED_NOGPS,20260411_105140_ardupilot_attitude_alternating_pulse_train_throttle_r1,1.1750004255318378,1.1617766641069531,0.013242286415814807
8354,ardupilot,GUIDED_NOGPS,20260411_105140_ardupilot_attitude_alternating_pulse_train_throttle_r1,1.1750004255318378,1.1619012333895793,0.013117920842490817
8355,ardupilot,GUIDED_NOGPS,20260411_105140_ardupilot_attitude_alternating_pulse_train_throttle_r1,1.1750004255318378,1.1617485753841388,0.01327031469644445
8356,ardupilot,GUIDED_NOGPS,20260411_105140_ardupilot_attitude_alternating_pulse_train_throttle_r1,1.1750004255318378,1.161775118711122,0.013243828383002027
8357,ardupilot,GUIDED_NOGPS,20260411_105140_ardupilot_attitude_alternating_pulse_train_throttle_r1,1.1750004255318378,1.1617938373245726,0.013225115579961488
8358,ardupilot,GUIDED_NOGPS,20260411_105140_ardupilot_attitude_alternating_pulse_train_throttle_r1,1.1750004255318378,1.1619070284368205,0.013112149760128571
8359,ardupilot,GUIDED_NOGPS,20260411_105140_ardupilot_attitude_alternating_pulse_train_throttle_r1,1.1750004255318378,1.1618595246039711,0.01315953457838296
8360,ardupilot,GUIDED_NOGPS,20260411_105140_ardupilot_attitude_alternating_pulse_train_throttle_r1,1.1750004255318378,1.16174241175627,0.01327649353476868
8361,ardupilot,GUIDED_NOGPS,20260411_105140_ardupilot_attitude_alternating_pulse_train_throttle_r1,1.1750004255318378,1.1616967699919232,0.013322053852703854
8362,ardupilot,GUIDED_NOGPS,20260411_105140_ardupilot_attitude_alternating_pulse_train_throttle_r1,1.1750004255318378,1.1617648118077373,0.013254153126045214
8363,ardupilot,GUIDED_NOGPS,20260411_105140_ardupilot_attitude_alternating_pulse_train_throttle_r1,1.1750004255318378,1.1618169205388837,0.013202077017280349
8364,ardupilot,GUIDED_NOGPS,20260411_105140_ardupilot_attitude_alternating_pulse_train_throttle_r1,1.1750004255318378,1.161699807691781,0.01331903705960006
8365,ardupilot,GUIDED_NOGPS,20260411_105140_ardupilot_attitude_alternating_pulse_train_throttle_r1,1.1750004255318378,1.1616500194872696,0.013368774785940755
8366,ardupilot,GUIDED_NOGPS,20260411_105140_ardupilot_attitude_alternating_pulse_train_throttle_r1,1.1750004255318378,1.1617306285756497,0.013288259861969479
8367,ardupilot,GUIDED_NOGPS,20260411_105140_ardupilot_attitude_alternating_pulse_train_throttle_r1,1.1750004255318378,1.161795583575536,0.013223407988089998
8368,ardupilot,GUIDED_NOGPS,20260411_105140_ardupilot_attitude_alternating_pulse_train_throttle_r1,1.1750004255318378,1.1617974456428513,0.013221581238122868
8369,ardupilot,GUIDED_NOGPS,20260411_105140_ardupilot_attitude_alternating_pulse_train_throttle_r1,1.1750004255318378,1.1616080057555338,0.01341075714024349
8370,ardupilot,GUIDED_NOGPS,20260411_105140_ardupilot_attitude_alternating_pulse_train_throttle_r1,1.1750004255318378,1.1615513164330786,0.013467353801557646
8371,ardupilot,GUIDED_NOGPS,20260411_105140_ardupilot_attitude_alternating_pulse_train_throttle_r1,1.1750004255318378,1.1616188386956496,0.013399939826877429
8372,ardupilot,GUIDED_NOGPS,20260411_105140_ardupilot_attitude_alternating_pulse_train_throttle_r1,1.1750004255318378,1.1616621290887945,0.013356666413413229
8373,ardupilot,GUIDED_NOGPS,20260411_105140_ardupilot_attitude_alternating_pulse_train_throttle_r1,1.1750004255318378,1.161640957346932,0.013377883985276845
8374,ardupilot,GUIDED_NOGPS,20260411_105140_ardupilot_attitude_alternating_pulse_train_throttle_r1,1.1750004255318378,1.161582378380234,0.013436366625356222
8375,ardupilot,GUIDED_NOGPS,20260411_105140_ardupilot_attitude_alternating_pulse_train_throttle_r1,1.1750004255318378,1.1615808859930297,0.013437911655476241
8376,ardupilot,GUIDED_NOGPS,20260411_105140_ardupilot_attitude_alternating_pulse_train_throttle_r1,1.1750004255318378,1.1615185553133571,0.013500108782516854
8377,ardupilot,GUIDED_NOGPS,20260411_105140_ardupilot_attitude_alternating_pulse_train_throttle_r1,1.1750004255318378,1.1615299056556987,0.013488794348599044
8378,ardupilot,GUIDED_NOGPS,20260411_105140_ardupilot_attitude_alternating_pulse_train_throttle_r1,1.1750004255318378,1.1614706968074515,0.01354790723751787
8379,ardupilot,GUIDED_NOGPS,20260411_105140_ardupilot_attitude_alternating_pulse_train_throttle_r1,1.1750004255318378,1.161469082375251,0.013549573657602721
8380,ardupilot,GUIDED_NOGPS,20260411_105140_ardupilot_attitude_alternating_pulse_train_throttle_r1,1.1750004255318378,1.1614086413390232,0.013609885853712657
8381,ardupilot,GUIDED_NOGPS,20260411_105140_ardupilot_attitude_alternating_pulse_train_throttle_r1,1.1750004255318378,1.1614220664757975,0.013596502775756013
8382,ardupilot,GUIDED_NOGPS,20260411_105140_ardupilot_attitude_alternating_pulse_train_throttle_r1,1.1750004255318378,1.161350522734147,0.013667969171525586
8383,ardupilot,GUIDED_NOGPS,20260411_105140_ardupilot_attitude_alternating_pulse_train_throttle_r1,1.1750004255318378,1.1613470462344415,0.013671463105087277
8384,ardupilot,GUIDED_NOGPS,20260411_105140_ardupilot_attitude_alternating_pulse_train_throttle_r1,1.1750004255318378,1.1612758972138786,0.013742468115932277
8385,ardupilot,GUIDED_NOGPS,20260411_105140_ardupilot_attitude_alternating_pulse_train_throttle_r1,1.1750004255318378,1.1612746489253019,0.013743769152984758
8386,ardupilot,GUIDED_NOGPS,20260411_105140_ardupilot_attitude_alternating_pulse_train_throttle_r1,1.1750004255318378,1.1612012431143086,0.013817065345513507
8387,ardupilot,GUIDED_NOGPS,20260411_105140_ardupilot_attitude_alternating_pulse_train_throttle_r1,1.1750004255318378,1.1612118298084242,0.01380648294714073
8388,ardupilot,GUIDED_NOGPS,20260411_105140_ardupilot_attitude_alternating_pulse_train_throttle_r1,1.1750004255318378,1.161136782003475,0.013881504812000262
8389,ardupilot,GUIDED_NOGPS,20260411_105140_ardupilot_attitude_alternating_pulse_train_throttle_r1,1.1750004255318378,1.1611200930879513,0.013898142396051567
8390,ardupilot,GUIDED_NOGPS,20260411_105140_ardupilot_attitude_alternating_pulse_train_throttle_r1,1.1750004255318378,1.1610531009724925,0.013965055287580496
8391,ardupilot,GUIDED_NOGPS,20260411_105140_ardupilot_attitude_alternating_pulse_train_throttle_r1,1.1750004255318378,1.1609796951636724,0.014038354722588365
8392,ardupilot,GUIDED_NOGPS,20260411_105140_ardupilot_attitude_alternating_pulse_train_throttle_r1,1.1750004255318378,1.1609893054848759,0.014028745511213952
8393,ardupilot,GUIDED_NOGPS,20260411_105140_ardupilot_attitude_alternating_pulse_train_throttle_r1,1.1750004255318378,1.1609139824608596,0.014103990984601009
8394,ardupilot,GUIDED_NOGPS,20260411_105140_ardupilot_attitude_alternating_pulse_train_throttle_r1,1.1750004255318378,1.1609122146225639,0.014105781610796151
8395,ardupilot,GUIDED_NOGPS,20260411_105140_ardupilot_attitude_alternating_pulse_train_throttle_r1,1.1750004255318378,1.1608729292267772,0.014144984684754345
8396,ardupilot,GUIDED_NOGPS,20260411_105140_ardupilot_attitude_alternating_pulse_train_throttle_r1,1.1750004255318378,1.160869086597464,0.01414884395788156
8397,ardupilot,GUIDED_NOGPS,20260411_105140_ardupilot_attitude_alternating_pulse_train_throttle_r1,1.1750004255318378,1.1607868624507653,0.014230951339984364
8398,ardupilot,GUIDED_NOGPS,20260411_105140_ardupilot_attitude_alternating_pulse_train_throttle_r1,1.1750004255318378,1.1607837521015063,0.014234080565655253
8399,ardupilot,GUIDED_NOGPS,20260411_105140_ardupilot_attitude_alternating_pulse_train_throttle_r1,1.1750004255318378,1.1608558921190089,0.014162025647493508
8400,ardupilot,GUIDED_NOGPS,20260411_105140_ardupilot_attitude_alternating_pulse_train_throttle_r1,1.1750004255318378,1.1608535140532432,0.014164425023170866
8401,ardupilot,GUIDED_NOGPS,20260411_105140_ardupilot_attitude_alternating_pulse_train_throttle_r1,1.1750004255318378,1.1607691236992734,0.014248704039646344
8402,ardupilot,GUIDED_NOGPS,20260411_105140_ardupilot_attitude_alternating_pulse_train_throttle_r1,1.1750004255318378,1.1606546843002585,0.014362997064967376
8403,ardupilot,GUIDED_NOGPS,20260411_105140_ardupilot_attitude_alternating_pulse_train_throttle_r1,1.1750004255318378,1.160587081960118,0.014430524227824053
8980,ardupilot,GUIDED_NOGPS,20260411_105356_ardupilot_attitude_alternating_pulse_train_throttle_r1,1.1745003192847587,1.1915624540146408,0.01707360361869796
8981,ardupilot,GUIDED_NOGPS,20260411_105356_ardupilot_attitude_alternating_pulse_train_throttle_r1,1.1745003192847587,1.1915624540146408,0.01707360361869796
8982,ardupilot,GUIDED_NOGPS,20260411_105356_ardupilot_attitude_alternating_pulse_train_throttle_r1,1.1745003192847587,1.1915624540146408,0.01707360361869796
8983,ardupilot,GUIDED_NOGPS,20260411_105356_ardupilot_attitude_alternating_pulse_train_throttle_r1,1.1745003192847587,1.1915624540146408,0.01707360361869796
8984,ardupilot,GUIDED_NOGPS,20260411_105356_ardupilot_attitude_alternating_pulse_train_throttle_r1,1.1745003192847587,1.1915624540146408,0.01707360361869796
8985,ardupilot,GUIDED_NOGPS,20260411_105356_ardupilot_attitude_alternating_pulse_train_throttle_r1,1.1745003192847587,1.1915624540146408,0.01707360361869796
8986,ardupilot,GUIDED_NOGPS,20260411_105356_ardupilot_attitude_alternating_pulse_train_throttle_r1,1.1745003192847587,1.1915624540146408,0.01707360361869796
8987,ardupilot,GUIDED_NOGPS,20260411_105356_ardupilot_attitude_alternating_pulse_train_throttle_r1,1.1745003192847587,1.1915624540146408,0.01707360361869796
8988,ardupilot,GUIDED_NOGPS,20260411_105356_ardupilot_attitude_alternating_pulse_train_throttle_r1,1.1745003192847587,1.191418797964241,0.016930048446069695
8989,ardupilot,GUIDED_NOGPS,20260411_105356_ardupilot_attitude_alternating_pulse_train_throttle_r1,1.1745003192847587,1.191418797964241,0.016930048446069695
8990,ardupilot,GUIDED_NOGPS,20260411_105356_ardupilot_attitude_alternating_pulse_train_throttle_r1,1.1745003192847587,1.1914749696547484,0.01698617694244947
8991,ardupilot,GUIDED_NOGPS,20260411_105356_ardupilot_attitude_alternating_pulse_train_throttle_r1,1.1745003192847587,1.191574581888497,0.017085711715674863
8992,ardupilot,GUIDED_NOGPS,20260411_105356_ardupilot_attitude_alternating_pulse_train_throttle_r1,1.1745003192847587,1.191574581888497,0.017085711715674863
8993,ardupilot,GUIDED_NOGPS,20260411_105356_ardupilot_attitude_alternating_pulse_train_throttle_r1,1.1745003192847587,1.191574581888497,0.017085711715674863
8994,ardupilot,GUIDED_NOGPS,20260411_105356_ardupilot_attitude_alternating_pulse_train_throttle_r1,1.1745003192847587,1.191574581888497,0.017085711715674863
8995,ardupilot,GUIDED_NOGPS,20260411_105356_ardupilot_attitude_alternating_pulse_train_throttle_r1,1.1745003192847587,1.191574581888497,0.017085711715674863
8996,ardupilot,GUIDED_NOGPS,20260411_105356_ardupilot_attitude_alternating_pulse_train_throttle_r1,1.1745003192847587,1.191574581888497,0.017085711715674863
8997,ardupilot,GUIDED_NOGPS,20260411_105356_ardupilot_attitude_alternating_pulse_train_throttle_r1,1.1745003192847587,1.3190189181055076,0.14451951986521136
8998,ardupilot,GUIDED_NOGPS,20260411_105356_ardupilot_attitude_alternating_pulse_train_throttle_r1,1.1745003192847587,1.296267134699726,0.12176779789514762
8999,ardupilot,GUIDED_NOGPS,20260411_105356_ardupilot_attitude_alternating_pulse_train_throttle_r1,1.1745003192847587,1.2773426639696241,0.10284339486094682
9000,ardupilot,GUIDED_NOGPS,20260411_105356_ardupilot_attitude_alternating_pulse_train_throttle_r1,1.1745003192847587,1.2615208824500708,0.08702169439084627
9001,ardupilot,GUIDED_NOGPS,20260411_105356_ardupilot_attitude_alternating_pulse_train_throttle_r1,1.1745003192847587,1.2615208824500708,0.08702169439084627
9002,ardupilot,GUIDED_NOGPS,20260411_105356_ardupilot_attitude_alternating_pulse_train_throttle_r1,1.1745003192847587,1.2615770541871907,0.08707786506446595
9003,ardupilot,GUIDED_NOGPS,20260411_105356_ardupilot_attitude_alternating_pulse_train_throttle_r1,1.1745003192847587,1.134232311053743,0.0402714397538851
9004,ardupilot,GUIDED_NOGPS,20260411_105356_ardupilot_attitude_alternating_pulse_train_throttle_r1,1.1745003192847587,1.1569840959473685,0.017524979227766427
9005,ardupilot,GUIDED_NOGPS,20260411_105356_ardupilot_attitude_alternating_pulse_train_throttle_r1,1.1745003192847587,1.1759085727625878,0.0015256311538471392
9006,ardupilot,GUIDED_NOGPS,20260411_105356_ardupilot_attitude_alternating_pulse_train_throttle_r1,1.1745003192847587,1.1915867097624462,0.017097819846914494
9007,ardupilot,GUIDED_NOGPS,20260411_105356_ardupilot_attitude_alternating_pulse_train_throttle_r1,1.1745003192847587,1.1919330879508325,0.017443913828233144
9008,ardupilot,GUIDED_NOGPS,20260411_105356_ardupilot_attitude_alternating_pulse_train_throttle_r1,1.1745003192847587,1.1919330879508325,0.017443913828233144
9009,ardupilot,GUIDED_NOGPS,20260411_105356_ardupilot_attitude_alternating_pulse_train_throttle_r1,1.1745003192847587,1.1919330879508325,0.017443913828233144
9010,ardupilot,GUIDED_NOGPS,20260411_105356_ardupilot_attitude_alternating_pulse_train_throttle_r1,1.1745003192847587,1.1919344180181266,0.017445747268008627
9011,ardupilot,GUIDED_NOGPS,20260411_105356_ardupilot_attitude_alternating_pulse_train_throttle_r1,1.1745003192847587,1.1919344180181266,0.017445747268008627
9012,ardupilot,GUIDED_NOGPS,20260411_105356_ardupilot_attitude_alternating_pulse_train_throttle_r1,1.1745003192847587,1.19199058970708,0.01750187667833956
9013,ardupilot,GUIDED_NOGPS,20260411_105356_ardupilot_attitude_alternating_pulse_train_throttle_r1,1.1745003192847587,1.1920902019369466,0.01760141300719159
9014,ardupilot,GUIDED_NOGPS,20260411_105356_ardupilot_attitude_alternating_pulse_train_throttle_r1,1.1745003192847587,1.1920902019369466,0.01760141300719159
9015,ardupilot,GUIDED_NOGPS,20260411_105356_ardupilot_attitude_alternating_pulse_train_throttle_r1,1.1745003192847587,1.1920902019369466,0.01760141300719159
9016,ardupilot,GUIDED_NOGPS,20260411_105356_ardupilot_attitude_alternating_pulse_train_throttle_r1,1.1745003192847587,1.06464589895918,0.10985719091899729
9017,ardupilot,GUIDED_NOGPS,20260411_105356_ardupilot_attitude_alternating_pulse_train_throttle_r1,1.1745003192847587,1.0873976971982762,0.08710647104764654
9018,ardupilot,GUIDED_NOGPS,20260411_105356_ardupilot_attitude_alternating_pulse_train_throttle_r1,1.1745003192847587,1.1063221880372165,0.06818356548176459
9019,ardupilot,GUIDED_NOGPS,20260411_105356_ardupilot_attitude_alternating_pulse_train_throttle_r1,1.1745003192847587,1.1220003402832412,0.052507818096117514
9020,ardupilot,GUIDED_NOGPS,20260411_105356_ardupilot_attitude_alternating_pulse_train_throttle_r1,1.1745003192847587,1.1220003402832412,0.052507818096117514
9021,ardupilot,GUIDED_NOGPS,20260411_105356_ardupilot_attitude_alternating_pulse_train_throttle_r1,1.1745003192847587,1.1220003402832412,0.052507818096117514
9022,ardupilot,GUIDED_NOGPS,20260411_105356_ardupilot_attitude_alternating_pulse_train_throttle_r1,1.1745003192847587,1.2494446210405505,0.07494809118603146
9023,ardupilot,GUIDED_NOGPS,20260411_105356_ardupilot_attitude_alternating_pulse_train_throttle_r1,1.1745003192847587,1.2266928256596579,0.052197419954371146
9024,ardupilot,GUIDED_NOGPS,20260411_105356_ardupilot_attitude_alternating_pulse_train_throttle_r1,1.1745003192847587,1.2077683418460659,0.03327491936172547
9025,ardupilot,GUIDED_NOGPS,20260411_105356_ardupilot_attitude_alternating_pulse_train_throttle_r1,1.1745003192847587,1.1920902019369466,0.01760141300719159
9026,ardupilot,GUIDED_NOGPS,20260411_105356_ardupilot_attitude_alternating_pulse_train_throttle_r1,1.1745003192847587,1.1920902019369466,0.01760141300719159
9027,ardupilot,GUIDED_NOGPS,20260411_105356_ardupilot_attitude_alternating_pulse_train_throttle_r1,1.1745003192847587,1.1920902019369466,0.01760141300719159
9028,ardupilot,GUIDED_NOGPS,20260411_105356_ardupilot_attitude_alternating_pulse_train_throttle_r1,1.1745003192847587,1.1920902019369466,0.01760141300719159
9029,ardupilot,GUIDED_NOGPS,20260411_105356_ardupilot_attitude_alternating_pulse_train_throttle_r1,1.1745003192847587,1.191946545888684,0.01745785543641883
9030,ardupilot,GUIDED_NOGPS,20260411_105356_ardupilot_attitude_alternating_pulse_train_throttle_r1,1.1745003192847587,1.191946545888684,0.01745785543641883
9031,ardupilot,GUIDED_NOGPS,20260411_105356_ardupilot_attitude_alternating_pulse_train_throttle_r1,1.1745003192847587,1.192002717577682,0.017513984942203648
9032,ardupilot,GUIDED_NOGPS,20260411_105356_ardupilot_attitude_alternating_pulse_train_throttle_r1,1.1745003192847587,1.1916713616630543,0.017182852984580527
9033,ardupilot,GUIDED_NOGPS,20260411_105356_ardupilot_attitude_alternating_pulse_train_throttle_r1,1.1745003192847587,1.1909530814244067,0.016465107244509905
9034,ardupilot,GUIDED_NOGPS,20260411_105356_ardupilot_attitude_alternating_pulse_train_throttle_r1,1.1745003192847587,1.190117346672746,0.01563004477301441
9035,ardupilot,GUIDED_NOGPS,20260411_105356_ardupilot_attitude_alternating_pulse_train_throttle_r1,1.1745003192847587,1.3171357836252855,0.1426364317445639
9036,ardupilot,GUIDED_NOGPS,20260411_105356_ardupilot_attitude_alternating_pulse_train_throttle_r1,1.1745003192847587,1.294414669144092,0.11991537619009195
9037,ardupilot,GUIDED_NOGPS,20260411_105356_ardupilot_attitude_alternating_pulse_train_throttle_r1,1.1745003192847587,1.2755681647112236,0.10106893279450073
9038,ardupilot,GUIDED_NOGPS,20260411_105356_ardupilot_attitude_alternating_pulse_train_throttle_r1,1.1745003192847587,1.2599226681995062,0.08542350801562916
9039,ardupilot,GUIDED_NOGPS,20260411_105356_ardupilot_attitude_alternating_pulse_train_throttle_r1,1.1745003192847587,1.2600446789159034,0.08554550865902366
9040,ardupilot,GUIDED_NOGPS,20260411_105356_ardupilot_attitude_alternating_pulse_train_throttle_r1,1.1745003192847587,1.260135554865434,0.08563637465745542
9041,ardupilot,GUIDED_NOGPS,20260411_105356_ardupilot_attitude_alternating_pulse_train_throttle_r1,1.1745003192847587,1.1305449260893006,0.04395851499096877
9042,ardupilot,GUIDED_NOGPS,20260411_105356_ardupilot_attitude_alternating_pulse_train_throttle_r1,1.1745003192847587,1.1499843731843082,0.02452217082977368
9043,ardupilot,GUIDED_NOGPS,20260411_105356_ardupilot_attitude_alternating_pulse_train_throttle_r1,1.1745003192847587,1.1672196481300225,0.007304078935415456
9044,ardupilot,GUIDED_NOGPS,20260411_105356_ardupilot_attitude_alternating_pulse_train_throttle_r1,1.1745003192847587,1.1840589762134985,0.009578472312963647
9045,ardupilot,GUIDED_NOGPS,20260411_105356_ardupilot_attitude_alternating_pulse_train_throttle_r1,1.1745003192847587,1.1869816913650109,0.012496020514647245
9046,ardupilot,GUIDED_NOGPS,20260411_105356_ardupilot_attitude_alternating_pulse_train_throttle_r1,1.1745003192847587,1.1898403846307783,0.015351627671349208
9047,ardupilot,GUIDED_NOGPS,20260411_105356_ardupilot_attitude_alternating_pulse_train_throttle_r1,1.1745003192847587,1.1926753565553585,0.018184577595429963
9048,ardupilot,GUIDED_NOGPS,20260411_105356_ardupilot_attitude_alternating_pulse_train_throttle_r1,1.1745003192847587,1.1945269617133583,0.020035190396801485
9049,ardupilot,GUIDED_NOGPS,20260411_105356_ardupilot_attitude_alternating_pulse_train_throttle_r1,1.1745003192847587,1.1953514849724594,0.020859345914343394
9050,ardupilot,GUIDED_NOGPS,20260411_105356_ardupilot_attitude_alternating_pulse_train_throttle_r1,1.1745003192847587,1.1952885773532584,0.020796498672019385
9051,ardupilot,GUIDED_NOGPS,20260411_105356_ardupilot_attitude_alternating_pulse_train_throttle_r1,1.1745003192847587,1.1949721591181088,0.020480249533592145
9052,ardupilot,GUIDED_NOGPS,20260411_105356_ardupilot_attitude_alternating_pulse_train_throttle_r1,1.1745003192847587,1.194530515583875,0.020038841127938314
9053,ardupilot,GUIDED_NOGPS,20260411_105356_ardupilot_attitude_alternating_pulse_train_throttle_r1,1.1745003192847587,1.1941810760343257,0.019689593464408642
9054,ardupilot,GUIDED_NOGPS,20260411_105356_ardupilot_attitude_alternating_pulse_train_throttle_r1,1.1745003192847587,1.0666123581866833,0.10789043015438242
9055,ardupilot,GUIDED_NOGPS,20260411_105356_ardupilot_attitude_alternating_pulse_train_throttle_r1,1.1745003192847587,1.0892715761725267,0.08523221528023588
9056,ardupilot,GUIDED_NOGPS,20260411_105356_ardupilot_attitude_alternating_pulse_train_throttle_r1,1.1745003192847587,1.108180089379631,0.06632520245096511
9057,ardupilot,GUIDED_NOGPS,20260411_105356_ardupilot_attitude_alternating_pulse_train_throttle_r1,1.1745003192847587,1.1240505320961325,0.05045709840423964
9058,ardupilot,GUIDED_NOGPS,20260411_105356_ardupilot_attitude_alternating_pulse_train_throttle_r1,1.1745003192847587,1.124314309476942,0.05019336406156434
9059,ardupilot,GUIDED_NOGPS,20260411_105356_ardupilot_attitude_alternating_pulse_train_throttle_r1,1.1745003192847587,1.1248255924503763,0.04968215412601673
9060,ardupilot,GUIDED_NOGPS,20260411_105356_ardupilot_attitude_alternating_pulse_train_throttle_r1,1.1745003192847587,1.2525220008721558,0.07802491017640285
9061,ardupilot,GUIDED_NOGPS,20260411_105356_ardupilot_attitude_alternating_pulse_train_throttle_r1,1.1745003192847587,1.2299127742818492,0.0554165490030168
9062,ardupilot,GUIDED_NOGPS,20260411_105356_ardupilot_attitude_alternating_pulse_train_throttle_r1,1.1745003192847587,1.2109709976964371,0.03647624602966965
9063,ardupilot,GUIDED_NOGPS,20260411_105356_ardupilot_attitude_alternating_pulse_train_throttle_r1,1.1745003192847587,1.1952348599153044,0.02074320613520576
9064,ardupilot,GUIDED_NOGPS,20260411_105356_ardupilot_attitude_alternating_pulse_train_throttle_r1,1.1745003192847587,1.1948791206843445,0.020387686264634348
9065,ardupilot,GUIDED_NOGPS,20260411_105356_ardupilot_attitude_alternating_pulse_train_throttle_r1,1.1745003192847587,1.1944304132454078,0.019939250081874794
9066,ardupilot,GUIDED_NOGPS,20260411_105356_ardupilot_attitude_alternating_pulse_train_throttle_r1,1.1745003192847587,1.1937629779287502,0.01927220425760916
9067,ardupilot,GUIDED_NOGPS,20260411_105356_ardupilot_attitude_alternating_pulse_train_throttle_r1,1.1745003192847587,1.1933392585399771,0.018848755215263916
9068,ardupilot,GUIDED_NOGPS,20260411_105356_ardupilot_attitude_alternating_pulse_train_throttle_r1,1.1745003192847587,1.1926382507917128,0.01814818032469364
9069,ardupilot,GUIDED_NOGPS,20260411_105356_ardupilot_attitude_alternating_pulse_train_throttle_r1,1.1745003192847587,1.1918957147622462,0.017406119664453667
9070,ardupilot,GUIDED_NOGPS,20260411_105356_ardupilot_attitude_alternating_pulse_train_throttle_r1,1.1745003192847587,1.1914165978501305,0.016927333765770814
9071,ardupilot,GUIDED_NOGPS,20260411_105356_ardupilot_attitude_alternating_pulse_train_throttle_r1,1.1745003192847587,1.191345133004538,0.016855902698056844
9072,ardupilot,GUIDED_NOGPS,20260411_105356_ardupilot_attitude_alternating_pulse_train_throttle_r1,1.1745003192847587,1.1913353527714974,0.016846099394354316
9073,ardupilot,GUIDED_NOGPS,20260411_105356_ardupilot_attitude_alternating_pulse_train_throttle_r1,1.1745003192847587,1.3187434786097358,0.14424403557208168
9074,ardupilot,GUIDED_NOGPS,20260411_105356_ardupilot_attitude_alternating_pulse_train_throttle_r1,1.1745003192847587,1.2960855485293943,0.12158616133448218
9075,ardupilot,GUIDED_NOGPS,20260411_105356_ardupilot_attitude_alternating_pulse_train_throttle_r1,1.1745003192847587,1.2772332964253208,0.10273397161789152
9076,ardupilot,GUIDED_NOGPS,20260411_105356_ardupilot_attitude_alternating_pulse_train_throttle_r1,1.1745003192847587,1.261448464505932,0.08694921924865286
9077,ardupilot,GUIDED_NOGPS,20260411_105356_ardupilot_attitude_alternating_pulse_train_throttle_r1,1.1745003192847587,1.2609724651015444,0.08647322201177123
9078,ardupilot,GUIDED_NOGPS,20260411_105356_ardupilot_attitude_alternating_pulse_train_throttle_r1,1.1745003192847587,1.2606346172973282,0.08613537576364837
9079,ardupilot,GUIDED_NOGPS,20260411_105356_ardupilot_attitude_alternating_pulse_train_throttle_r1,1.1745003192847587,1.1329861666523713,0.04151726318954573
9080,ardupilot,GUIDED_NOGPS,20260411_105356_ardupilot_attitude_alternating_pulse_train_throttle_r1,1.1745003192847587,1.155812991947465,0.01869496808575425
9081,ardupilot,GUIDED_NOGPS,20260411_105356_ardupilot_attitude_alternating_pulse_train_throttle_r1,1.1745003192847587,1.1747325998957758,0.0006113198537083839
9082,ardupilot,GUIDED_NOGPS,20260411_105356_ardupilot_attitude_alternating_pulse_train_throttle_r1,1.1745003192847587,1.1904865092271806,0.01599751378969175
9083,ardupilot,GUIDED_NOGPS,20260411_105356_ardupilot_attitude_alternating_pulse_train_throttle_r1,1.1745003192847587,1.190616478822009,0.01612733642867356
9084,ardupilot,GUIDED_NOGPS,20260411_105356_ardupilot_attitude_alternating_pulse_train_throttle_r1,1.1745003192847587,1.1911248067897904,0.016635256517626713
9085,ardupilot,GUIDED_NOGPS,20260411_105356_ardupilot_attitude_alternating_pulse_train_throttle_r1,1.1745003192847587,1.1914821375265088,0.016992306984786185
9086,ardupilot,GUIDED_NOGPS,20260411_105356_ardupilot_attitude_alternating_pulse_train_throttle_r1,1.1745003192847587,1.1920109928028073,0.017520800159422263
9087,ardupilot,GUIDED_NOGPS,20260411_105356_ardupilot_attitude_alternating_pulse_train_throttle_r1,1.1745003192847587,1.1922492329462961,0.017758908256080747
9088,ardupilot,GUIDED_NOGPS,20260411_105356_ardupilot_attitude_alternating_pulse_train_throttle_r1,1.1745003192847587,1.192899715680465,0.018408984496730046
9089,ardupilot,GUIDED_NOGPS,20260411_105356_ardupilot_attitude_alternating_pulse_train_throttle_r1,1.1745003192847587,1.193237461580878,0.018746556583401734
9090,ardupilot,GUIDED_NOGPS,20260411_105356_ardupilot_attitude_alternating_pulse_train_throttle_r1,1.1745003192847587,1.193517367348498,0.019026328892364403
9091,ardupilot,GUIDED_NOGPS,20260411_105356_ardupilot_attitude_alternating_pulse_train_throttle_r1,1.1745003192847587,1.1933988376327276,0.018907916450278017
9092,ardupilot,GUIDED_NOGPS,20260411_105356_ardupilot_attitude_alternating_pulse_train_throttle_r1,1.1745003192847587,1.1936813133717665,0.019190273781972647
9093,ardupilot,GUIDED_NOGPS,20260411_105356_ardupilot_attitude_alternating_pulse_train_throttle_r1,1.1745003192847587,1.1934288058390254,0.01893790285708235
9094,ardupilot,GUIDED_NOGPS,20260411_105356_ardupilot_attitude_alternating_pulse_train_throttle_r1,1.1745003192847587,1.193149388594962,0.018658690693906747
9095,ardupilot,GUIDED_NOGPS,20260411_105356_ardupilot_attitude_alternating_pulse_train_throttle_r1,1.1745003192847587,1.1927566311770594,0.018266166746364308
9096,ardupilot,GUIDED_NOGPS,20260411_105356_ardupilot_attitude_alternating_pulse_train_throttle_r1,1.1745003192847587,1.1926640867206393,0.01817372324344643
9097,ardupilot,GUIDED_NOGPS,20260411_105356_ardupilot_attitude_alternating_pulse_train_throttle_r1,1.1745003192847587,1.1926578021386378,0.018167435057493762
9098,ardupilot,GUIDED_NOGPS,20260411_105356_ardupilot_attitude_alternating_pulse_train_throttle_r1,1.1745003192847587,1.1924266406695112,0.017936455980294388
9099,ardupilot,GUIDED_NOGPS,20260411_105356_ardupilot_attitude_alternating_pulse_train_throttle_r1,1.1745003192847587,1.1922872249535774,0.017797139332900974
9100,ardupilot,GUIDED_NOGPS,20260411_105356_ardupilot_attitude_alternating_pulse_train_throttle_r1,1.1745003192847587,1.1920942016555691,0.01760422558450546
9101,ardupilot,GUIDED_NOGPS,20260411_105356_ardupilot_attitude_alternating_pulse_train_throttle_r1,1.1745003192847587,1.192109441144066,0.017619491971025195
9102,ardupilot,GUIDED_NOGPS,20260411_105356_ardupilot_attitude_alternating_pulse_train_throttle_r1,1.1745003192847587,1.1920415935532132,0.01755169593607429
9103,ardupilot,GUIDED_NOGPS,20260411_105356_ardupilot_attitude_alternating_pulse_train_throttle_r1,1.1745003192847587,1.1920584499614382,0.01756854842907412
9104,ardupilot,GUIDED_NOGPS,20260411_105356_ardupilot_attitude_alternating_pulse_train_throttle_r1,1.1745003192847587,1.191877916694797,0.017388127817655644
9105,ardupilot,GUIDED_NOGPS,20260411_105356_ardupilot_attitude_alternating_pulse_train_throttle_r1,1.1745003192847587,1.1917363204848126,0.01724660217947966
9106,ardupilot,GUIDED_NOGPS,20260411_105356_ardupilot_attitude_alternating_pulse_train_throttle_r1,1.1745003192847587,1.1917202640576634,0.017230593591362687
9107,ardupilot,GUIDED_NOGPS,20260411_105356_ardupilot_attitude_alternating_pulse_train_throttle_r1,1.1745003192847587,1.1917498585789446,0.017260164944373248
9108,ardupilot,GUIDED_NOGPS,20260411_105356_ardupilot_attitude_alternating_pulse_train_throttle_r1,1.1745003192847587,1.1916448958586183,0.017155272006802093
9109,ardupilot,GUIDED_NOGPS,20260411_105356_ardupilot_attitude_alternating_pulse_train_throttle_r1,1.1745003192847587,1.1916073089119084,0.01711770249082801
9110,ardupilot,GUIDED_NOGPS,20260411_105356_ardupilot_attitude_alternating_pulse_train_throttle_r1,1.1745003192847587,1.1915459202820111,0.017056353672223447
9111,ardupilot,GUIDED_NOGPS,20260411_105356_ardupilot_attitude_alternating_pulse_train_throttle_r1,1.1745003192847587,1.191574782523256,0.01708519276605226
9112,ardupilot,GUIDED_NOGPS,20260411_105356_ardupilot_attitude_alternating_pulse_train_throttle_r1,1.1745003192847587,1.1915253616177963,0.017035803241154272
9113,ardupilot,GUIDED_NOGPS,20260411_105356_ardupilot_attitude_alternating_pulse_train_throttle_r1,1.1745003192847587,1.1915879971451406,0.017098383532007447
9114,ardupilot,GUIDED_NOGPS,20260411_105356_ardupilot_attitude_alternating_pulse_train_throttle_r1,1.1745003192847587,1.1914007671087907,0.01691127663321358
9115,ardupilot,GUIDED_NOGPS,20260411_105356_ardupilot_attitude_alternating_pulse_train_throttle_r1,1.1745003192847587,1.1914503436437938,0.016960805280010288
9116,ardupilot,GUIDED_NOGPS,20260411_105356_ardupilot_attitude_alternating_pulse_train_throttle_r1,1.1745003192847587,1.191467004023946,0.016977451225536913
9117,ardupilot,GUIDED_NOGPS,20260411_105356_ardupilot_attitude_alternating_pulse_train_throttle_r1,1.1745003192847587,1.191509006917592,0.017019418767936702
9118,ardupilot,GUIDED_NOGPS,20260411_105356_ardupilot_attitude_alternating_pulse_train_throttle_r1,1.1745003192847587,1.1913813692842565,0.016891834478596802
9119,ardupilot,GUIDED_NOGPS,20260411_105356_ardupilot_attitude_alternating_pulse_train_throttle_r1,1.1745003192847587,1.1913616876294342,0.016872186438404206
9120,ardupilot,GUIDED_NOGPS,20260411_105356_ardupilot_attitude_alternating_pulse_train_throttle_r1,1.1745003192847587,1.1914450129111471,0.01695544877348807
9121,ardupilot,GUIDED_NOGPS,20260411_105356_ardupilot_attitude_alternating_pulse_train_throttle_r1,1.1745003192847587,1.1914863859252094,0.016996786913546218
9122,ardupilot,GUIDED_NOGPS,20260411_105356_ardupilot_attitude_alternating_pulse_train_throttle_r1,1.1745003192847587,1.1915030145792684,0.017013374271718576
9123,ardupilot,GUIDED_NOGPS,20260411_105356_ardupilot_attitude_alternating_pulse_train_throttle_r1,1.1745003192847587,1.1913087064925725,0.01681922467196772
9124,ardupilot,GUIDED_NOGPS,20260411_105356_ardupilot_attitude_alternating_pulse_train_throttle_r1,1.1745003192847587,1.1913246028661622,0.0168350796150373
9125,ardupilot,GUIDED_NOGPS,20260411_105356_ardupilot_attitude_alternating_pulse_train_throttle_r1,1.1745003192847587,1.1913522745827156,0.016862750724274567
9126,ardupilot,GUIDED_NOGPS,20260411_105356_ardupilot_attitude_alternating_pulse_train_throttle_r1,1.1745003192847587,1.1914675391041671,0.016977901203987768
9127,ardupilot,GUIDED_NOGPS,20260411_105356_ardupilot_attitude_alternating_pulse_train_throttle_r1,1.1745003192847587,1.191408068748452,0.01691850075035145
9128,ardupilot,GUIDED_NOGPS,20260411_105356_ardupilot_attitude_alternating_pulse_train_throttle_r1,1.1745003192847587,1.1912796988349361,0.016790185092891246
9129,ardupilot,GUIDED_NOGPS,20260411_105356_ardupilot_attitude_alternating_pulse_train_throttle_r1,1.1745003192847587,1.1912214882405032,0.016732044756747135
9130,ardupilot,GUIDED_NOGPS,20260411_105356_ardupilot_attitude_alternating_pulse_train_throttle_r1,1.1745003192847587,1.1912931901675268,0.016803664227552133
9131,ardupilot,GUIDED_NOGPS,20260411_105356_ardupilot_attitude_alternating_pulse_train_throttle_r1,1.1745003192847587,1.1913235155861077,0.01683396638946552
9132,ardupilot,GUIDED_NOGPS,20260411_105356_ardupilot_attitude_alternating_pulse_train_throttle_r1,1.1745003192847587,1.1913379170914233,0.016848358993258265
9133,ardupilot,GUIDED_NOGPS,20260411_105356_ardupilot_attitude_alternating_pulse_train_throttle_r1,1.1745003192847587,1.191088964794909,0.01659958887602717
9134,ardupilot,GUIDED_NOGPS,20260411_105356_ardupilot_attitude_alternating_pulse_train_throttle_r1,1.1745003192847587,1.1911027560669807,0.016613371361650354
9135,ardupilot,GUIDED_NOGPS,20260411_105356_ardupilot_attitude_alternating_pulse_train_throttle_r1,1.1745003192847587,1.1910846018962773,0.016595230934045673
9136,ardupilot,GUIDED_NOGPS,20260411_105356_ardupilot_attitude_alternating_pulse_train_throttle_r1,1.1745003192847587,1.1911982495031284,0.016708794428363045
9137,ardupilot,GUIDED_NOGPS,20260411_105356_ardupilot_attitude_alternating_pulse_train_throttle_r1,1.1745003192847587,1.191141840685704,0.01665242907958101
9138,ardupilot,GUIDED_NOGPS,20260411_105356_ardupilot_attitude_alternating_pulse_train_throttle_r1,1.1745003192847587,1.191128874821967,0.016639445543678612
9139,ardupilot,GUIDED_NOGPS,20260411_105356_ardupilot_attitude_alternating_pulse_train_throttle_r1,1.1745003192847587,1.1910682468123328,0.016578895865405074
9140,ardupilot,GUIDED_NOGPS,20260411_105356_ardupilot_attitude_alternating_pulse_train_throttle_r1,1.1745003192847587,1.1909790654444106,0.016489754215235713
9141,ardupilot,GUIDED_NOGPS,20260411_105356_ardupilot_attitude_alternating_pulse_train_throttle_r1,1.1745003192847587,1.190814298645273,0.016325145900599487
9142,ardupilot,GUIDED_NOGPS,20260411_105356_ardupilot_attitude_alternating_pulse_train_throttle_r1,1.1745003192847587,1.1907307861984298,0.016241670468560867
9143,ardupilot,GUIDED_NOGPS,20260411_105356_ardupilot_attitude_alternating_pulse_train_throttle_r1,1.1745003192847587,1.1907991322480984,0.016309997365183296
9144,ardupilot,GUIDED_NOGPS,20260411_105356_ardupilot_attitude_alternating_pulse_train_throttle_r1,1.1745003192847587,1.1908057838419326,0.016316614853966793
9145,ardupilot,GUIDED_NOGPS,20260411_105356_ardupilot_attitude_alternating_pulse_train_throttle_r1,1.1745003192847587,1.1908183243374435,0.016329179458469973
9146,ardupilot,GUIDED_NOGPS,20260411_105356_ardupilot_attitude_alternating_pulse_train_throttle_r1,1.1745003192847587,1.1907329222518876,0.01624381603250328
9147,ardupilot,GUIDED_NOGPS,20260411_105356_ardupilot_attitude_alternating_pulse_train_throttle_r1,1.1745003192847587,1.1907317646084645,0.016242665519629898
9148,ardupilot,GUIDED_NOGPS,20260411_105356_ardupilot_attitude_alternating_pulse_train_throttle_r1,1.1745003192847587,1.1906555777300931,0.016166570608798284
9149,ardupilot,GUIDED_NOGPS,20260411_105356_ardupilot_attitude_alternating_pulse_train_throttle_r1,1.1745003192847587,1.1906573795208404,0.01616834519858769
9150,ardupilot,GUIDED_NOGPS,20260411_105356_ardupilot_attitude_alternating_pulse_train_throttle_r1,1.1745003192847587,1.1905720060636558,0.016083043855809175
9151,ardupilot,GUIDED_NOGPS,20260411_105356_ardupilot_attitude_alternating_pulse_train_throttle_r1,1.1745003192847587,1.190570970469705,0.016082015596720293
9152,ardupilot,GUIDED_NOGPS,20260411_105356_ardupilot_attitude_alternating_pulse_train_throttle_r1,1.1745003192847587,1.190479928092129,0.01599105076022811
9153,ardupilot,GUIDED_NOGPS,20260411_105356_ardupilot_attitude_alternating_pulse_train_throttle_r1,1.1745003192847587,1.1904938111025563,0.016004957334851265
9154,ardupilot,GUIDED_NOGPS,20260411_105356_ardupilot_attitude_alternating_pulse_train_throttle_r1,1.1745003192847587,1.1905533248385454,0.01606440519686572
9155,ardupilot,GUIDED_NOGPS,20260411_105356_ardupilot_attitude_alternating_pulse_train_throttle_r1,1.1745003192847587,1.190552533341217,0.016063621119758658
9156,ardupilot,GUIDED_NOGPS,20260411_105356_ardupilot_attitude_alternating_pulse_train_throttle_r1,1.1745003192847587,1.1904002802274771,0.015911495572859213
9157,ardupilot,GUIDED_NOGPS,20260411_105356_ardupilot_attitude_alternating_pulse_train_throttle_r1,1.1745003192847587,1.1902996323963952,0.015810938604645625
9158,ardupilot,GUIDED_NOGPS,20260411_105356_ardupilot_attitude_alternating_pulse_train_throttle_r1,1.1745003192847587,1.1902485546255375,0.015759874046185788
9159,ardupilot,GUIDED_NOGPS,20260411_105356_ardupilot_attitude_alternating_pulse_train_throttle_r1,1.1745003192847587,1.1902318667398082,0.015743237782369197
9160,ardupilot,GUIDED_NOGPS,20260411_105356_ardupilot_attitude_alternating_pulse_train_throttle_r1,1.1745003192847587,1.1901724984929682,0.01568395441647359
9161,ardupilot,GUIDED_NOGPS,20260411_105356_ardupilot_attitude_alternating_pulse_train_throttle_r1,1.1745003192847587,1.1900852067745793,0.015596708443272404
9162,ardupilot,GUIDED_NOGPS,20260411_105356_ardupilot_attitude_alternating_pulse_train_throttle_r1,1.1745003192847587,1.1900851475632321,0.015596656843782393
9163,ardupilot,GUIDED_NOGPS,20260411_105356_ardupilot_attitude_alternating_pulse_train_throttle_r1,1.1745003192847587,1.1900345237727328,0.015546072829782364
9164,ardupilot,GUIDED_NOGPS,20260411_105356_ardupilot_attitude_alternating_pulse_train_throttle_r1,1.1745003192847587,1.1900333661455023,0.01554492373454341
9165,ardupilot,GUIDED_NOGPS,20260411_105356_ardupilot_attitude_alternating_pulse_train_throttle_r1,1.1745003192847587,1.1900989456789024,0.01561049039633621
9166,ardupilot,GUIDED_NOGPS,20260411_105356_ardupilot_attitude_alternating_pulse_train_throttle_r1,1.1745003192847587,1.190100381348063,0.015611899484204255
9167,ardupilot,GUIDED_NOGPS,20260411_105356_ardupilot_attitude_alternating_pulse_train_throttle_r1,1.1745003192847587,1.1899588362044324,0.015470480823770802
9168,ardupilot,GUIDED_NOGPS,20260411_105356_ardupilot_attitude_alternating_pulse_train_throttle_r1,1.1745003192847587,1.1898711542256617,0.015382912547316508
